(1,1,1.0)
(1,2,0.429714894918589)
(1,3,-0.30129417567339706)
(1,4,0.5837199108333035)
(1,5,-0.2049050050935748)
(1,6,0.2813835747909619)
(1,7,0.2963992148724524)
(1,8,0.18889572977116517)
(1,9,0.2497686968447672)
(1,10,-0.04066674811055133)
(1,11,-0.12873860904386777)
(1,12,0.46365854878668045)
(1,13,0.3018193267204677)
(1,14,0.1101734478391997)
(1,15,0.5992046484807962)
(1,16,0.0)
(1,17,0.07286951271131362)
(1,18,0.23508207438656264)
(1,19,0.010412197668010716)
(1,20,0.0)
(1,21,0.20767338260732787)
(1,22,0.07667250683411456)
(1,23,-0.021025689684040994)
(1,24,0.3938801440322539)
(1,25,-0.15908856282638642)
(1,26,-0.5011501480298778)
(1,27,-1.0000000000000002)
(1,28,-0.2631486512625769)
(1,29,0.5847317496498199)
(1,30,0.05461509169254727)
(1,31,-0.10582833378107345)
(1,32,-0.5307286492677155)
(1,33,0.05441531760817286)
(1,34,0.08564738425341095)
(1,35,-0.3497028481762708)
(1,36,0.19877205982799817)
(1,37,-0.5797169166466001)
(1,38,0.15590813656409955)
(1,39,0.39448361915203606)
(1,40,0.1256029024588985)
(1,41,-1.0000000000000002)
(1,42,0.043292036823217014)
(1,43,-0.8197173738027601)
(1,44,-0.00553804376818115)
(1,45,-0.08847430018472083)
(1,46,0.0)
(1,47,0.5897855679738078)
(1,48,0.23939229855238522)
(1,49,0.7060291228195079)
(1,50,0.0)
(1,51,-0.6856796305659038)
(1,52,0.8883853789800326)
(1,53,-0.15193735227118269)
(1,54,0.4562406959529079)
(1,55,0.19207384971442673)
(1,56,0.16667348411252805)
(1,57,0.09000136781949666)
(1,58,-0.10557197645533857)
(1,59,-0.14827773840519068)
(1,60,0.0)
(1,61,0.0)
(1,62,0.18677120944539283)
(1,63,-0.8826911978002273)
(1,64,0.5658424969124138)
(1,65,0.28715399540798275)
(1,66,0.8704579753454319)
(1,67,0.5151384134914722)
(1,68,-0.6632830888678907)
(1,69,-0.956468246990391)
(1,70,0.146778383336526)
(1,71,-0.807790947859209)
(1,72,0.8757335362011353)
(1,73,0.0653051001527259)
(1,74,-0.8609379767514764)
(1,75,-0.42403173379242226)
(1,76,-0.08628610486917505)
(1,77,0.0)
(1,78,-0.060289987267453146)
(1,79,0.0)
(1,80,0.2337432454570593)
(1,81,0.5658424969124137)
(1,82,0.4679651155104262)
(1,83,0.06273695389845844)
(1,84,-0.6177142889966187)
(1,85,-0.654705183514354)
(1,86,-1.0)
(1,87,0.1361961480054801)
(1,88,0.6391698301525705)
(1,89,0.7686078513815761)
(1,90,-0.11591630938981379)
(1,91,-0.7207874146311153)
(1,92,0.10160191983423361)
(1,93,-0.3773625928970173)
(1,94,0.0)
(1,95,0.4074090998401387)
(1,96,-0.1522131760916632)
(1,97,-0.5751429378757366)
(1,98,0.7342172431423764)
(1,99,-0.2710287880787945)
(1,100,0.1640753932575486)
(2,1,0.429714894918589)
(2,2,1.0)
(2,3,0.18793991035680033)
(2,4,0.33781448014933657)
(2,5,-0.2907808286157845)
(2,6,-0.15802970468091318)
(2,7,0.19191746757247116)
(2,8,-0.06318846458051866)
(2,9,0.35471188114992874)
(2,10,-0.01998366680672331)
(2,11,0.3627783434603614)
(2,12,0.6681717452765276)
(2,13,0.3623047321022076)
(2,14,0.828374466341203)
(2,15,0.40938547324743685)
(2,16,0.0)
(2,17,0.13119299002422938)
(2,18,0.4058941101446516)
(2,19,0.257955968603477)
(2,20,0.7120649720827268)
(2,21,0.0)
(2,22,0.3089992989442977)
(2,23,0.012201100127210724)
(2,24,-0.03415153596357892)
(2,25,0.22623512606847399)
(2,26,0.04589039800239101)
(2,27,-0.017175928991538903)
(2,28,-0.11222528824704782)
(2,29,0.26182701113439344)
(2,30,0.4662876039557174)
(2,31,0.2690399746257072)
(2,32,-0.18450666621838993)
(2,33,0.2811028883264978)
(2,34,0.25886201007669457)
(2,35,0.11620414948036792)
(2,36,0.24445726587716252)
(2,37,0.4661866277989524)
(2,38,0.10912114464202356)
(2,39,0.8798765306197549)
(2,40,0.3128846288495666)
(2,41,0.08962851514147026)
(2,42,0.24330902356799902)
(2,43,0.810900413243728)
(2,44,0.28242867809747774)
(2,45,1.518840384553156E-4)
(2,46,0.0)
(2,47,-0.35830788016981413)
(2,48,0.2009743887056292)
(2,49,0.4105134309598109)
(2,50,-0.3242071880910506)
(2,51,0.5313854728961773)
(2,52,0.14343477692538065)
(2,53,0.24610471753227217)
(2,54,0.8958605456910937)
(2,55,0.8393855644292989)
(2,56,-0.3815260685452116)
(2,57,0.09583179822082118)
(2,58,0.15859744484154778)
(2,59,0.22562131885156286)
(2,60,0.1389251950681077)
(2,61,0.0)
(2,62,-0.055888947680133014)
(2,63,0.3983494749364672)
(2,64,0.8006063629170037)
(2,65,0.27711514634635914)
(2,66,0.8196744415484828)
(2,67,-0.07898748560203979)
(2,68,0.17486156452812415)
(2,69,-0.30759090769917735)
(2,70,0.8851989483255921)
(2,71,0.8481627249349876)
(2,72,0.09277746174175684)
(2,73,0.25743923656705964)
(2,74,0.16319538527739252)
(2,75,-0.28222292787972536)
(2,76,0.3884592443327042)
(2,77,0.5686657010085486)
(2,78,-0.05358780643763032)
(2,79,0.6999021705639007)
(2,80,0.33410881211606314)
(2,81,-0.004924646868772385)
(2,82,0.5705607957303459)
(2,83,0.27421691447943153)
(2,84,0.4917792320010876)
(2,85,0.22873231243161732)
(2,86,0.31337331199853674)
(2,87,0.7006444426847467)
(2,88,0.384263805177291)
(2,89,0.9875994553034958)
(2,90,0.3844764050501521)
(2,91,-0.019093811807645324)
(2,92,0.07935824270019326)
(2,93,0.22650733671120332)
(2,94,0.0)
(2,95,0.3654542113354489)
(2,96,0.1032768335742234)
(2,97,0.4776542500852723)
(2,98,0.5207808908293573)
(2,99,0.047802900753598554)
(2,100,0.1700844029001285)
(3,1,-0.30129417567339706)
(3,2,0.18793991035680033)
(3,3,1.0)
(3,4,0.565628625482536)
(3,5,-0.4206491055092782)
(3,6,-0.6342001673430744)
(3,7,0.7380185421311457)
(3,8,-0.5550837894544433)
(3,9,-0.19306529465900527)
(3,10,0.012957753491779684)
(3,11,-0.16845272988243196)
(3,12,0.42876150439837624)
(3,13,0.33406350840377985)
(3,14,-0.7729951242511172)
(3,15,0.4357057055641573)
(3,16,0.0)
(3,17,-0.33952510809481)
(3,18,0.48902956103376044)
(3,19,-0.13041881340347566)
(3,20,0.0)
(3,21,0.13945640882483962)
(3,22,-0.06156632984986111)
(3,23,-0.7048756770294828)
(3,24,0.36548008017438116)
(3,25,0.34750527161450806)
(3,26,-0.017308675661217052)
(3,27,0.6504933807837706)
(3,28,0.41941898459916954)
(3,29,0.6439111717894556)
(3,30,-0.6882560561316831)
(3,31,-0.0014821126982227804)
(3,32,-0.7450721044097636)
(3,33,0.1876667152451417)
(3,34,0.1740854562799485)
(3,35,0.7207375864983043)
(3,36,0.20716021478445343)
(3,37,0.5545408341102459)
(3,38,0.9654774328682291)
(3,39,-0.219966822183745)
(3,40,0.39861262402497855)
(3,41,0.6784748806199657)
(3,42,-0.1630370633559079)
(3,43,-0.7239669054833343)
(3,44,0.22925255508934472)
(3,45,-0.3430877461898506)
(3,46,0.0)
(3,47,0.0)
(3,48,0.12565696563430026)
(3,49,0.6022502080417379)
(3,50,0.5850143987745676)
(3,51,-0.23678915226756142)
(3,52,0.8185247316009812)
(3,53,0.06042264391568092)
(3,54,0.3626625784994135)
(3,55,0.0)
(3,56,0.2231427561024738)
(3,57,0.6883064837860429)
(3,58,-0.08104669598303545)
(3,59,0.20670627046618642)
(3,60,0.46134724342934286)
(3,61,0.0)
(3,62,0.026031033465259427)
(3,63,0.0)
(3,64,0.6663736288873315)
(3,65,-0.1517715159658846)
(3,66,0.602602666335622)
(3,67,-0.962508271591001)
(3,68,0.2902578286479529)
(3,69,-0.4169534612977227)
(3,70,-0.40679669813863234)
(3,71,0.6315545196103552)
(3,72,0.2360595252319619)
(3,73,-0.06541638947668671)
(3,74,-0.631352279021426)
(3,75,-0.63816939201916)
(3,76,-0.497884305916183)
(3,77,-0.6227458074066251)
(3,78,0.11305654241034335)
(3,79,0.7676305707713771)
(3,80,-0.23203487266148792)
(3,81,0.25777670890483295)
(3,82,0.031454944002701844)
(3,83,0.19308249853653703)
(3,84,0.8886827185137494)
(3,85,0.0)
(3,86,0.19629697624280848)
(3,87,0.6150155860035155)
(3,88,0.46919837787059476)
(3,89,0.26676434047520603)
(3,90,0.09952029151915463)
(3,91,0.38015348569451085)
(3,92,0.18229932859223075)
(3,93,0.4446914613989193)
(3,94,-0.6817861354116452)
(3,95,-0.594554919529559)
(3,96,0.5083119567174784)
(3,97,0.46139464470228386)
(3,98,0.3387089373751084)
(3,99,0.5102257251660164)
(3,100,0.5125338735186126)
(4,1,0.5837199108333035)
(4,2,0.33781448014933657)
(4,3,0.565628625482536)
(4,4,0.9999999999999998)
(4,5,-0.8944870749827045)
(4,6,0.0)
(4,7,0.7318153615137677)
(4,8,0.22082684670638192)
(4,9,0.8514528571611791)
(4,10,-0.1275915752245147)
(4,11,-0.06523381830954421)
(4,12,0.0)
(4,13,0.28282942555909896)
(4,14,0.0)
(4,15,0.16860382495583878)
(4,16,0.0)
(4,17,0.3064901379776809)
(4,18,0.45531604595155506)
(4,19,-0.06955984729820099)
(4,20,0.3016062340669982)
(4,21,0.0)
(4,22,-0.20403217012450786)
(4,23,-0.10445297314616996)
(4,24,1.0)
(4,25,0.11559703893285667)
(4,26,0.10118596461466413)
(4,27,0.6502781794213106)
(4,28,-0.11597971586639108)
(4,29,0.02685981906394943)
(4,30,-0.007056275936719711)
(4,31,-0.409792397229782)
(4,32,-0.011235245872282413)
(4,33,-0.1475410237101345)
(4,34,-0.21757990204907685)
(4,35,-0.2185200716150808)
(4,36,-0.3183951556138065)
(4,37,0.8364611295797535)
(4,38,0.0)
(4,39,0.0)
(4,40,0.7225546965882905)
(4,41,-0.2544932992796441)
(4,42,-0.019672220627706807)
(4,43,0.0)
(4,44,0.07643351582340945)
(4,45,0.0)
(4,46,0.0)
(4,47,0.0)
(4,48,0.14245611134361702)
(4,49,0.031950974379730976)
(4,50,0.0)
(4,51,0.0)
(4,52,0.9999873177106835)
(4,53,0.04837070552059363)
(4,54,0.0)
(4,55,0.0)
(4,56,0.0)
(4,57,0.9141003249349243)
(4,58,-0.15047552720039745)
(4,59,-0.22543307940402912)
(4,60,0.0)
(4,61,0.0)
(4,62,0.5503406773474324)
(4,63,0.0)
(4,64,0.4915050355130375)
(4,65,-0.08012100190599479)
(4,66,0.428086344739044)
(4,67,0.6067413411380291)
(4,68,0.0)
(4,69,-0.8981613546253695)
(4,70,0.0)
(4,71,0.4280863447390441)
(4,72,-0.2753190256812458)
(4,73,0.3116807120693998)
(4,74,0.0)
(4,75,0.784568961789878)
(4,76,0.0)
(4,77,0.0)
(4,78,0.0)
(4,79,0.0)
(4,80,0.4225250456168749)
(4,81,0.8993967303547793)
(4,82,0.0)
(4,83,0.4280863447390441)
(4,84,-0.006011610989799255)
(4,85,0.0)
(4,86,0.8194587726002442)
(4,87,0.7875491811913539)
(4,88,0.5552942475734968)
(4,89,0.9413394041561388)
(4,90,-0.14449556131523478)
(4,91,0.0)
(4,92,-0.6530177886737324)
(4,93,0.09063445183079014)
(4,94,0.0)
(4,95,0.8844926744255127)
(4,96,0.08889028585900607)
(4,97,-0.1221546739198756)
(4,98,0.9120780067710839)
(4,99,0.15198513264142924)
(4,100,0.3736201968678597)
(5,1,-0.2049050050935748)
(5,2,-0.2907808286157845)
(5,3,-0.4206491055092782)
(5,4,-0.8944870749827045)
(5,5,1.0)
(5,6,-0.6560897440718008)
(5,7,0.07079539307574512)
(5,8,0.18913808210440544)
(5,9,0.19216091211588815)
(5,10,-0.07289638221512496)
(5,11,0.3425977672679842)
(5,12,1.0)
(5,13,0.38992456819267524)
(5,14,-0.02640893652864842)
(5,15,-0.2054563037841465)
(5,16,0.40940252376353753)
(5,17,0.19298526666514798)
(5,18,0.08403744419128062)
(5,19,0.06748925623396308)
(5,20,0.03853545167278474)
(5,21,0.46284888071094127)
(5,22,0.21443028537398878)
(5,23,0.11181574718035373)
(5,24,0.5796306097646248)
(5,25,-0.2695533387138372)
(5,26,-0.4134416238333886)
(5,27,0.47085266541446424)
(5,28,0.08968610315177021)
(5,29,0.16904120590425553)
(5,30,0.23729969818291521)
(5,31,-0.36931082686917643)
(5,32,0.08990092469959937)
(5,33,-0.07440469441155383)
(5,34,-0.014680818858922669)
(5,35,0.3471532504863616)
(5,36,0.23477017018110097)
(5,37,8.916305189929022E-4)
(5,38,-0.25028505381547644)
(5,39,0.4712370059571055)
(5,40,0.08255311694130935)
(5,41,-0.3138225268915247)
(5,42,-0.04946921702001941)
(5,43,-0.06985727199370406)
(5,44,0.21117152718930945)
(5,45,-0.31779340657878846)
(5,46,0.0)
(5,47,-0.5504364210306008)
(5,48,0.11612711386964862)
(5,49,-0.08752604984073788)
(5,50,0.539710256954877)
(5,51,-0.4535157140001883)
(5,52,-0.3134948150842149)
(5,53,0.422067827531794)
(5,54,0.0)
(5,55,-0.7455949651454765)
(5,56,-0.007481756287943849)
(5,57,0.7128502903899179)
(5,58,0.5617875442571972)
(5,59,0.2830311723932724)
(5,60,0.026651437832454467)
(5,61,-0.40867392738002656)
(5,62,0.06583757495018266)
(5,63,0.23173450602588422)
(5,64,-0.11716382229177115)
(5,65,-0.2254471972038731)
(5,66,-0.6316007915751121)
(5,67,-0.3252986764814458)
(5,68,0.10392523460506271)
(5,69,0.26100325741177155)
(5,70,-0.009722536937503303)
(5,71,-0.6941272440491426)
(5,72,5.30074300597359E-4)
(5,73,0.06381800833179464)
(5,74,0.21878084508720402)
(5,75,0.22907181585438674)
(5,76,0.5278109727136742)
(5,77,0.44562121901776947)
(5,78,0.29776548618943577)
(5,79,-0.33984643929513647)
(5,80,-0.2013599540883276)
(5,81,0.03529260643998308)
(5,82,-0.1598457096837284)
(5,83,0.07431287658112064)
(5,84,0.5007556069278518)
(5,85,0.2523481569573067)
(5,86,-0.7165103245512517)
(5,87,-0.26564442789598824)
(5,88,0.05538484152116313)
(5,89,-0.8937408989831284)
(5,90,0.05705280398497814)
(5,91,-0.5903847339388258)
(5,92,0.026147921604724844)
(5,93,-0.16515872564451492)
(5,94,0.7689754110732024)
(5,95,-0.3437023616561614)
(5,96,-0.13481731661537702)
(5,97,0.23775631097055494)
(5,98,-0.17830685874297145)
(5,99,0.09869595103125112)
(5,100,-0.048478115464711556)
(6,1,0.2813835747909619)
(6,2,-0.15802970468091318)
(6,3,-0.6342001673430744)
(6,4,0.0)
(6,5,-0.6560897440718008)
(6,6,1.0)
(6,7,0.2512788309787124)
(6,8,-0.7057798309346835)
(6,9,-0.21047647260488384)
(6,10,0.342782812648604)
(6,11,-0.62910891269628)
(6,12,0.0)
(6,13,-0.5843837897913412)
(6,14,-0.20220390317262663)
(6,15,0.23176154404850102)
(6,16,0.0)
(6,17,-0.5625942185803475)
(6,18,-0.28559970554313674)
(6,19,-0.4294117585428242)
(6,20,0.3455721384340079)
(6,21,-0.9746657159441016)
(6,22,-0.15670687785612483)
(6,23,-0.5548017623540306)
(6,24,-0.3037411881132373)
(6,25,0.03884119753849576)
(6,26,-0.31472867642531294)
(6,27,-0.07689184138766347)
(6,28,-0.2159163904909461)
(6,29,0.533243753014882)
(6,30,-0.5944649084196957)
(6,31,-0.0222709783769983)
(6,32,-0.35467927569920327)
(6,33,-0.06816423826034607)
(6,34,0.05119278101986111)
(6,35,-0.41773229217146995)
(6,36,0.05780323348127808)
(6,37,0.4252955089662157)
(6,38,0.05878120136252169)
(6,39,-0.4309403023800182)
(6,40,0.5115457072745149)
(6,41,0.08283392362232649)
(6,42,0.00932904199574673)
(6,43,0.13424781905571886)
(6,44,0.16591413732631127)
(6,45,0.13540513541109084)
(6,46,0.0)
(6,47,-0.5595836819285346)
(6,48,-0.12396289847662043)
(6,49,-0.24466461959790775)
(6,50,-0.8021598426135453)
(6,51,0.6153977131418079)
(6,52,0.0)
(6,53,-0.11268753915500085)
(6,54,0.6233120025764541)
(6,55,0.9911400852611757)
(6,56,-0.4547470715026233)
(6,57,-0.47178168803232134)
(6,58,-0.3000709777613464)
(6,59,0.3599500917811758)
(6,60,0.7483730637564472)
(6,61,0.7711048270206619)
(6,62,-0.1749101412485296)
(6,63,-0.4869951257405093)
(6,64,-0.619984910000074)
(6,65,0.4672403433542097)
(6,66,-0.3155542236844666)
(6,67,0.9960733356168082)
(6,68,-0.06803647194892959)
(6,69,-0.23414437244468514)
(6,70,-0.7249508428183002)
(6,71,0.768980150656052)
(6,72,0.6094189645304274)
(6,73,-0.3000890770489837)
(6,74,0.21025710007474036)
(6,75,0.11920387060286755)
(6,76,-0.5812371325595733)
(6,77,-0.8428846764259399)
(6,78,-0.011829325599254184)
(6,79,0.0)
(6,80,-0.04653141658009206)
(6,81,0.6874948604207333)
(6,82,-0.08673725708964303)
(6,83,0.7224483837413874)
(6,84,-0.22894245010749695)
(6,85,-0.39167476982570093)
(6,86,-0.10569431239932331)
(6,87,0.525193092875413)
(6,88,0.20970334174167185)
(6,89,0.5081415381587012)
(6,90,0.10964700497921157)
(6,91,1.0)
(6,92,0.5316790017081987)
(6,93,-0.6854013883537372)
(6,94,0.0)
(6,95,0.7177515686851625)
(6,96,0.07532472136464381)
(6,97,-0.6623802687742233)
(6,98,0.17123669105255146)
(6,99,-0.2371587430409725)
(6,100,-0.46168573625112436)
(7,1,0.2963992148724524)
(7,2,0.19191746757247116)
(7,3,0.7380185421311457)
(7,4,0.7318153615137677)
(7,5,0.07079539307574512)
(7,6,0.2512788309787124)
(7,7,0.9999999999999998)
(7,8,0.34279619076434886)
(7,9,0.5248651084210063)
(7,10,0.4155464318300897)
(7,11,-0.4247518025453995)
(7,12,0.0)
(7,13,0.25597885923843894)
(7,14,0.0)
(7,15,0.026961164152348813)
(7,16,0.0)
(7,17,0.21165007035134292)
(7,18,0.43885191738502366)
(7,19,0.025009133244669964)
(7,20,-0.3303439443975213)
(7,21,0.0)
(7,22,0.30046870545609117)
(7,23,-0.3100831882523607)
(7,24,0.01892469448102808)
(7,25,-0.020890068903031907)
(7,26,-0.06710010952649534)
(7,27,-0.29639921487245247)
(7,28,0.20017587550757635)
(7,29,0.3899695530052334)
(7,30,1.0)
(7,31,-1.0000000000000002)
(7,32,-0.13310602457871526)
(7,33,0.07743100685879277)
(7,34,0.1841612479030261)
(7,35,1.0)
(7,36,0.07789082821018908)
(7,37,-0.24155412424403017)
(7,38,-0.4266156471472178)
(7,39,-0.8855212446038123)
(7,40,0.14731130308878101)
(7,41,0.18911227733011657)
(7,42,-0.03954358933826576)
(7,43,0.0)
(7,44,-0.046691615034069774)
(7,45,-0.2738551983397469)
(7,46,0.0)
(7,47,0.0)
(7,48,0.20204833848392703)
(7,49,0.3143579705649385)
(7,50,0.30936288701788556)
(7,51,0.0)
(7,52,0.474388505031668)
(7,53,0.16892538070965415)
(7,54,0.0)
(7,55,0.9999999999999998)
(7,56,0.26719905977600844)
(7,57,-0.1157611026306012)
(7,58,0.11702495194695961)
(7,59,-0.4612744070732524)
(7,60,0.6568109776816428)
(7,61,-0.7054676307796727)
(7,62,-0.04758728423572863)
(7,63,-0.16409496208717525)
(7,64,0.040511067741816315)
(7,65,0.1258003280351032)
(7,66,-0.01541932512324423)
(7,67,0.35647258238145585)
(7,68,0.0)
(7,69,-0.5001593288274757)
(7,70,-0.6054660249934365)
(7,71,-0.807790947859209)
(7,72,0.16911868583290965)
(7,73,0.3898198892679245)
(7,74,0.0)
(7,75,0.658939493895626)
(7,76,-0.12689124979548858)
(7,77,-0.968663866044045)
(7,78,0.0)
(7,79,0.29104741112679045)
(7,80,-0.22151859542567937)
(7,81,-0.08713063055877993)
(7,82,0.6122439811144035)
(7,83,-0.07893946820720305)
(7,84,0.16763477071554464)
(7,85,0.17297634929514544)
(7,86,-0.32852062494127254)
(7,87,0.44825782008331067)
(7,88,0.3300430824747931)
(7,89,0.9413394041561389)
(7,90,0.07666022254059528)
(7,91,0.0)
(7,92,-0.13361575794011407)
(7,93,0.17468698243676722)
(7,94,0.0)
(7,95,0.6147861944239157)
(7,96,0.40975824197833655)
(7,97,-0.9524358080925919)
(7,98,-0.5000310392724694)
(7,99,-0.37467003846699476)
(7,100,0.264565809577165)
(8,1,0.18889572977116517)
(8,2,-0.06318846458051866)
(8,3,-0.5550837894544433)
(8,4,0.22082684670638192)
(8,5,0.18913808210440544)
(8,6,-0.7057798309346835)
(8,7,0.34279619076434886)
(8,8,1.0)
(8,9,0.4216316795032059)
(8,10,-0.06143637247872305)
(8,11,0.209614583303748)
(8,12,0.7893522173763263)
(8,13,0.5017200790885666)
(8,14,-0.05878475713412463)
(8,15,0.17078798469313197)
(8,16,0.7844317780106104)
(8,17,0.45254988588503586)
(8,18,0.5916295378257763)
(8,19,0.3086664776380871)
(8,20,0.5211840429459821)
(8,21,0.16094687394532978)
(8,22,0.18624932778310319)
(8,23,0.22789037712692822)
(8,24,0.34734610124533777)
(8,25,0.1411423842541818)
(8,26,0.08788006479149793)
(8,27,-0.14549399049483172)
(8,28,-0.015015956322950776)
(8,29,0.12504992894321842)
(8,30,0.4094906037810092)
(8,31,0.8838766846198044)
(8,32,-0.16307728128201582)
(8,33,0.009361830729798503)
(8,34,0.29160565983535064)
(8,35,0.5122181346442347)
(8,36,0.17999750863941935)
(8,37,-0.6700783274649973)
(8,38,0.2315680198417758)
(8,39,0.5255717839517231)
(8,40,-0.4136665122585603)
(8,41,-0.3628240980611314)
(8,42,-0.048905009590273725)
(8,43,0.7260766462220192)
(8,44,0.3026902559593693)
(8,45,0.14224253319157326)
(8,46,0.0)
(8,47,-0.3342180777974946)
(8,48,0.3742360774863132)
(8,49,0.26164955359356945)
(8,50,0.4453596308533859)
(8,51,-0.08240692987143505)
(8,52,0.1156435070492566)
(8,53,0.1998663514082811)
(8,54,0.0)
(8,55,0.0968593546089057)
(8,56,0.2473852783105705)
(8,57,0.8462510975178769)
(8,58,0.23733792389122463)
(8,59,-0.2733288291938433)
(8,60,-0.142428989567976)
(8,61,0.6598605683258723)
(8,62,0.36991123824909783)
(8,63,0.4957723195850948)
(8,64,0.3920316433681439)
(8,65,0.12892774779869978)
(8,66,0.9999999999999999)
(8,67,-0.3445654736646553)
(8,68,-0.24893991509307845)
(8,69,-0.0846449455226678)
(8,70,0.19905020645841848)
(8,71,0.9980451177614752)
(8,72,0.034587709317510346)
(8,73,0.6211643244492425)
(8,74,-0.15678546844796448)
(8,75,0.322678942807727)
(8,76,0.41214241924769257)
(8,77,0.8648483218472134)
(8,78,0.565910972944035)
(8,79,0.0)
(8,80,0.21298518745204711)
(8,81,-0.22327191112836797)
(8,82,0.49577277397940334)
(8,83,-0.10281604077077894)
(8,84,0.6452132109023933)
(8,85,0.40872704945489735)
(8,86,0.6866706528681085)
(8,87,0.2612986775580007)
(8,88,-0.1315371083970724)
(8,89,0.24061170547297517)
(8,90,0.17922849720928755)
(8,91,-0.07285631060586947)
(8,92,-0.026714027179631894)
(8,93,0.3951475204080872)
(8,94,0.0)
(8,95,0.11140176275228032)
(8,96,-0.10914517070118289)
(8,97,0.3445704208139367)
(8,98,0.5188681466135271)
(8,99,0.47634097706523115)
(8,100,0.10635066801500694)
(9,1,0.2497686968447672)
(9,2,0.35471188114992874)
(9,3,-0.19306529465900527)
(9,4,0.8514528571611791)
(9,5,0.19216091211588815)
(9,6,-0.21047647260488384)
(9,7,0.5248651084210063)
(9,8,0.4216316795032059)
(9,9,1.0000000000000002)
(9,10,0.0803342609874323)
(9,11,0.26538702859828095)
(9,12,0.8753202768926317)
(9,13,0.5714065641118644)
(9,14,-0.37469519624322367)
(9,15,0.39314465315466646)
(9,16,0.9424277454812463)
(9,17,0.506402874839031)
(9,18,0.28493755510879826)
(9,19,0.25096861825708144)
(9,20,0.3892890042631984)
(9,21,0.7876111779256135)
(9,22,0.5906794942928134)
(9,23,-0.11425086592143248)
(9,24,0.18946930311964083)
(9,25,0.07576478362375283)
(9,26,-0.02640172542061846)
(9,27,-0.04877730286197763)
(9,28,-0.2771429738730402)
(9,29,0.09017962547550454)
(9,30,0.5352690277870005)
(9,31,0.49207163467132187)
(9,32,0.13962100930705043)
(9,33,0.13978013689606464)
(9,34,0.07439380868353178)
(9,35,0.21714761178056757)
(9,36,0.2684238274772852)
(9,37,-0.7575514780740431)
(9,38,0.35430694720147116)
(9,39,0.027280135799707003)
(9,40,-0.3823644131268451)
(9,41,0.838443616300637)
(9,42,0.29539972968164413)
(9,43,-0.13110710099605416)
(9,44,0.21693418851326654)
(9,45,-0.3097011679408306)
(9,46,0.0)
(9,47,-0.22914782210946455)
(9,48,0.4352907239538298)
(9,49,0.5772087720164153)
(9,50,0.21098622548211213)
(9,51,0.32578904186900315)
(9,52,0.021836170582745413)
(9,53,0.40830413589168413)
(9,54,0.0)
(9,55,0.46248137024554564)
(9,56,-0.008547455353862634)
(9,57,0.5301679211152925)
(9,58,0.43312834732955535)
(9,59,-0.26521209084245867)
(9,60,-0.33717776778274094)
(9,61,0.19722749153097657)
(9,62,0.0940534039757168)
(9,63,-0.30088270968993325)
(9,64,0.771355718410716)
(9,65,0.14016116526607164)
(9,66,0.8995893973051495)
(9,67,-0.11176061937307116)
(9,68,-0.219513456244259)
(9,69,-0.24830250824611985)
(9,70,0.4938806799812194)
(9,71,0.20718015563101072)
(9,72,0.5416384241847676)
(9,73,0.3257454066791472)
(9,74,0.23654088761128875)
(9,75,0.5395443608993046)
(9,76,0.4432842133061439)
(9,77,0.07309666887671655)
(9,78,-0.26510289716181346)
(9,79,-0.13474201390907398)
(9,80,0.1229456601904213)
(9,81,0.3767551199729845)
(9,82,0.2811605947107632)
(9,83,0.43654457530439045)
(9,84,0.652446534189235)
(9,85,-0.4694123741995739)
(9,86,0.24750270975889127)
(9,87,0.6590049315760218)
(9,88,0.3177865213141954)
(9,89,0.49879798642920437)
(9,90,0.20254057842070639)
(9,91,0.48467865151321193)
(9,92,0.30029493460025186)
(9,93,0.359930701454274)
(9,94,0.0)
(9,95,0.1582167262728427)
(9,96,0.26104683421251307)
(9,97,0.23681897714145336)
(9,98,0.33247418355462616)
(9,99,0.01685207108669729)
(9,100,0.7589330583669177)
(10,1,-0.04066674811055133)
(10,2,-0.01998366680672331)
(10,3,0.012957753491779684)
(10,4,-0.1275915752245147)
(10,5,-0.07289638221512496)
(10,6,0.342782812648604)
(10,7,0.4155464318300897)
(10,8,-0.06143637247872305)
(10,9,0.0803342609874323)
(10,10,1.0000000000000002)
(10,11,0.023569210483750505)
(10,12,0.03355930847955408)
(10,13,0.1875942035364277)
(10,14,0.6278816065770811)
(10,15,0.03505726925560359)
(10,16,0.5788601553963101)
(10,17,-0.0357130523205066)
(10,18,0.2839317361499022)
(10,19,0.045387001345495046)
(10,20,-0.049778265062361944)
(10,21,-0.25079382314525495)
(10,22,-0.07411411723396498)
(10,23,0.21639150114711028)
(10,24,0.02350923141839122)
(10,25,-0.012190119390084693)
(10,26,0.15404231096054505)
(10,27,-0.21483062512831816)
(10,28,0.04758462868774924)
(10,29,-0.12626236172964395)
(10,30,-0.12934784647251535)
(10,31,0.40162719769675503)
(10,32,0.39114120483476067)
(10,33,0.017689785020461413)
(10,34,0.2719659291586764)
(10,35,0.07176018264164319)
(10,36,-0.014598129663393859)
(10,37,0.391139046113599)
(10,38,0.43859593851996787)
(10,39,-0.19188896212243028)
(10,40,0.14777449458028208)
(10,41,-0.3335027334385045)
(10,42,0.12685570764442033)
(10,43,0.30930672584493685)
(10,44,0.29073143641674654)
(10,45,0.2429517790852902)
(10,46,0.0)
(10,47,-0.11229045427071695)
(10,48,0.13512600853420467)
(10,49,-0.020923392782307915)
(10,50,0.009500446240503238)
(10,51,0.4582267861531112)
(10,52,0.16678239167396358)
(10,53,0.07768116198406676)
(10,54,0.06156180295934932)
(10,55,0.313801963685854)
(10,56,-0.45308292357716173)
(10,57,-0.13754824582711725)
(10,58,0.06550166933235499)
(10,59,0.09956498008846096)
(10,60,-0.22470848725088347)
(10,61,-0.6384960922922456)
(10,62,-0.059237544508242646)
(10,63,0.06917694806324086)
(10,64,0.17383841054135574)
(10,65,0.15903895867199494)
(10,66,0.06189820129158477)
(10,67,0.011939306631869871)
(10,68,0.12327087733775571)
(10,69,-0.31470533987880334)
(10,70,-0.11317827194883393)
(10,71,0.19170001106785337)
(10,72,0.005632235562479261)
(10,73,0.03444714822251158)
(10,74,-0.035665046892664)
(10,75,-0.05785370377049854)
(10,76,0.18528859060514014)
(10,77,0.20595355174270952)
(10,78,0.08267234734068453)
(10,79,-0.08692722111656007)
(10,80,0.3194880815392623)
(10,81,-0.10784080219538818)
(10,82,0.31381125500916107)
(10,83,0.3929736203607663)
(10,84,0.48507200748165835)
(10,85,-0.6069316817014236)
(10,86,0.19663086426897886)
(10,87,0.04205589245974561)
(10,88,-0.043379937812444744)
(10,89,0.5430969914175406)
(10,90,-0.24513944036377588)
(10,91,0.06250189044493551)
(10,92,0.2661603554717572)
(10,93,0.2210733375304366)
(10,94,-0.5479189433542994)
(10,95,0.24564485973178576)
(10,96,0.01895780425143531)
(10,97,-0.1571406061173657)
(10,98,-0.14860583428493107)
(10,99,-0.0077311173286589065)
(10,100,-7.550933848246615E-4)
(11,1,-0.12873860904386777)
(11,2,0.3627783434603614)
(11,3,-0.16845272988243196)
(11,4,-0.06523381830954421)
(11,5,0.3425977672679842)
(11,6,-0.62910891269628)
(11,7,-0.4247518025453995)
(11,8,0.209614583303748)
(11,9,0.26538702859828095)
(11,10,0.023569210483750505)
(11,11,1.0000000000000002)
(11,12,0.947716733053701)
(11,13,0.562706568748492)
(11,14,-0.05600195472294397)
(11,15,0.2830695168155056)
(11,16,-0.7559131928207512)
(11,17,0.5860973794351547)
(11,18,-0.014780885475114278)
(11,19,0.2877265015818394)
(11,20,-0.19889712394010925)
(11,21,0.0)
(11,22,0.41024631453430466)
(11,23,0.40744733396902416)
(11,24,0.1127156234243324)
(11,25,0.07967418013510054)
(11,26,-0.00813337086041644)
(11,27,0.40215366401465474)
(11,28,0.3654342774827622)
(11,29,0.1750058974177529)
(11,30,0.3751220364112627)
(11,31,-0.054332440302027975)
(11,32,0.16006856995430666)
(11,33,0.35453102197022685)
(11,34,0.3597773870464485)
(11,35,0.44470616204961005)
(11,36,-0.022225857649164404)
(11,37,0.11423839332721716)
(11,38,-0.2952515598455758)
(11,39,0.4991874528620566)
(11,40,0.6286769462889679)
(11,41,0.7464199202329609)
(11,42,0.4956057637963062)
(11,43,0.4956377609962216)
(11,44,0.27810331839245805)
(11,45,-0.17048663391611754)
(11,46,0.0)
(11,47,-0.5601997107078437)
(11,48,0.1806544377318972)
(11,49,0.05881826009496658)
(11,50,0.9103465482087341)
(11,51,0.04424504851086507)
(11,52,-0.6072756169449312)
(11,53,0.32694992260873174)
(11,54,0.2950161639987333)
(11,55,0.3345643618020124)
(11,56,-0.21177051122670873)
(11,57,0.7387068684805659)
(11,58,0.5167839424597745)
(11,59,-0.057643569639201545)
(11,60,-0.06877082670241577)
(11,61,0.0)
(11,62,0.21232320843175395)
(11,63,-0.13227081579534392)
(11,64,0.4548011441266874)
(11,65,0.3090475201544376)
(11,66,0.49700687555440887)
(11,67,-0.24058720966079314)
(11,68,-0.10027113559105909)
(11,69,0.1555623325311449)
(11,70,0.36783066675751475)
(11,71,0.32245392715417964)
(11,72,-0.10448159969846292)
(11,73,0.2627203122917305)
(11,74,0.0)
(11,75,-0.3477084045175851)
(11,76,0.45951992226687466)
(11,77,0.4706445068386422)
(11,78,-0.1554407608286115)
(11,79,0.0)
(11,80,0.6517781799219564)
(11,81,-0.6930120450813859)
(11,82,0.3777914987086468)
(11,83,0.16426207265660167)
(11,84,0.47674782217054695)
(11,85,0.4104694686017436)
(11,86,-0.28528060645964726)
(11,87,-0.07806877786102774)
(11,88,-0.057262658184463154)
(11,89,-0.38183041252866656)
(11,90,0.4124702810680451)
(11,91,-0.049612462727591615)
(11,92,0.11514051942911548)
(11,93,0.09175861287540306)
(11,94,0.0)
(11,95,0.1633790955384842)
(11,96,0.059041351670986564)
(11,97,0.6224644682675095)
(11,98,0.15235499719203557)
(11,99,0.11519820511812515)
(11,100,0.9096297561560488)
(12,1,0.46365854878668045)
(12,2,0.6681717452765276)
(12,3,0.42876150439837624)
(12,4,0.0)
(12,5,1.0)
(12,6,0.0)
(12,7,0.0)
(12,8,0.7893522173763263)
(12,9,0.8753202768926317)
(12,10,0.03355930847955408)
(12,11,0.947716733053701)
(12,12,1.0)
(12,13,0.6745859890929969)
(12,14,0.0)
(12,15,0.864158565218093)
(12,16,0.0)
(12,17,0.7741271558147828)
(12,18,0.3284552177294183)
(12,19,0.6766824736849878)
(12,20,0.0)
(12,21,0.0)
(12,22,0.9397330986865565)
(12,23,0.5706401400907911)
(12,24,0.9342341002670397)
(12,25,-0.14698055078901245)
(12,26,0.5232276948770607)
(12,27,0.5960395606792697)
(12,28,0.20456244856314335)
(12,29,0.6566727240369068)
(12,30,0.0)
(12,31,0.0)
(12,32,0.0)
(12,33,0.5783354516977219)
(12,34,0.8699831424669505)
(12,35,0.6156289818275911)
(12,36,-0.225599151038633)
(12,37,0.0)
(12,38,0.0)
(12,39,0.0)
(12,40,1.0)
(12,41,0.0)
(12,42,0.2327639461046803)
(12,43,0.0)
(12,44,0.41382491969059826)
(12,45,0.0)
(12,46,0.0)
(12,47,-0.4146586477422525)
(12,48,0.5565665739883403)
(12,49,0.16138462156891265)
(12,50,0.0)
(12,51,-0.5812381937190965)
(12,52,-0.41926964949444917)
(12,53,0.8472045867914964)
(12,54,0.6029680399535314)
(12,55,0.0)
(12,56,-0.950617210335884)
(12,57,0.9534121472373586)
(12,58,0.7648803369450448)
(12,59,0.4056395750973362)
(12,60,0.0)
(12,61,-0.5812381937190964)
(12,62,0.3689608181527392)
(12,63,0.0)
(12,64,0.0)
(12,65,0.0)
(12,66,0.0)
(12,67,-0.45083481733371605)
(12,68,0.07602821472647783)
(12,69,0.8780330588560756)
(12,70,0.0)
(12,71,0.6977834988367154)
(12,72,0.7893522173763262)
(12,73,0.31032246755469234)
(12,74,-0.16329931618554527)
(12,75,0.0)
(12,76,0.17234549688642772)
(12,77,0.0)
(12,78,0.6305926250944657)
(12,79,0.0)
(12,80,0.7893522173763262)
(12,81,0.13312951339245757)
(12,82,0.0)
(12,83,0.0)
(12,84,0.0)
(12,85,0.0)
(12,86,0.0)
(12,87,0.0)
(12,88,0.7435468238223226)
(12,89,0.9413394041561389)
(12,90,0.9155128504363815)
(12,91,0.0)
(12,92,0.16714585757735423)
(12,93,0.7576231572680165)
(12,94,0.0)
(12,95,-0.12815364865751416)
(12,96,-0.2865722462513626)
(12,97,0.9975103695813372)
(12,98,0.0)
(12,99,0.42359890264069455)
(12,100,0.8384345205297083)
(13,1,0.3018193267204677)
(13,2,0.3623047321022076)
(13,3,0.33406350840377985)
(13,4,0.28282942555909896)
(13,5,0.38992456819267524)
(13,6,-0.5843837897913412)
(13,7,0.25597885923843894)
(13,8,0.5017200790885666)
(13,9,0.5714065641118644)
(13,10,0.1875942035364277)
(13,11,0.562706568748492)
(13,12,0.6745859890929969)
(13,13,0.9999999999999998)
(13,14,1.0)
(13,15,0.22766917122578342)
(13,16,-0.6332377902572629)
(13,17,0.08585647142639868)
(13,18,0.4444572264445945)
(13,19,0.3673751403064569)
(13,20,0.5117029957633401)
(13,21,0.20321645683272047)
(13,22,0.16158513655269136)
(13,23,0.3306167205307093)
(13,24,0.6367202590805872)
(13,25,0.35185511972175065)
(13,26,0.019304326624606235)
(13,27,0.6358453807698612)
(13,28,0.31685052054097507)
(13,29,0.4239822090541673)
(13,30,0.8140600990769626)
(13,31,0.36083327930182313)
(13,32,0.16408983893991208)
(13,33,0.32717712546969047)
(13,34,0.7421453294138773)
(13,35,0.5657620494895708)
(13,36,0.20575531907959682)
(13,37,-0.1624405439665623)
(13,38,-0.28439299585978256)
(13,39,0.8980777330114436)
(13,40,0.33078876129016915)
(13,41,0.5180530643365928)
(13,42,0.2967609702565325)
(13,43,0.0)
(13,44,0.5052215622041398)
(13,45,-0.41051579948427297)
(13,46,0.0)
(13,47,-0.23702826863269952)
(13,48,0.43066553237770316)
(13,49,0.24665469980183644)
(13,50,0.3136505350256805)
(13,51,0.0)
(13,52,0.30805019048000104)
(13,53,0.1634396886129649)
(13,54,0.0)
(13,55,0.44325715266816795)
(13,56,-0.39344748291238757)
(13,57,0.5911424308636902)
(13,58,0.27494079467425725)
(13,59,0.034189552664125475)
(13,60,-0.30434896768268277)
(13,61,0.0)
(13,62,-0.144558934687961)
(13,63,-1.0000000000000002)
(13,64,0.5954556885738933)
(13,65,0.1691586601820042)
(13,66,0.8952662364521855)
(13,67,0.07236638190916929)
(13,68,0.20321645683272044)
(13,69,-0.23559665782006886)
(13,70,-0.3177958860206258)
(13,71,0.5579403522053301)
(13,72,0.26438083914102595)
(13,73,0.3956021019114379)
(13,74,0.8933373893944692)
(13,75,0.17260786726936692)
(13,76,0.4958270574187454)
(13,77,0.0)
(13,78,0.7117279712290496)
(13,79,0.9824363235945902)
(13,80,0.061576111275854765)
(13,81,0.15115598807447064)
(13,82,0.2911587266256608)
(13,83,0.2118185673978992)
(13,84,0.554877128261608)
(13,85,0.0)
(13,86,0.0851132298559265)
(13,87,0.5456724722942902)
(13,88,0.1975210357450242)
(13,89,0.9967115644292396)
(13,90,0.1814647809046885)
(13,91,0.49761719622501005)
(13,92,0.06611115013822635)
(13,93,0.24634978354317402)
(13,94,0.0)
(13,95,0.3443067642827957)
(13,96,0.28454210528340323)
(13,97,0.7374050148361939)
(13,98,0.22727358825898633)
(13,99,0.34393010596228735)
(13,100,0.5275513475803905)
(14,1,0.1101734478391997)
(14,2,0.828374466341203)
(14,3,-0.7729951242511172)
(14,4,0.0)
(14,5,-0.02640893652864842)
(14,6,-0.20220390317262663)
(14,7,0.0)
(14,8,-0.05878475713412463)
(14,9,-0.37469519624322367)
(14,10,0.6278816065770811)
(14,11,-0.05600195472294397)
(14,12,0.0)
(14,13,1.0)
(14,14,1.0)
(14,15,-0.13102632320526106)
(14,16,0.0)
(14,17,0.6114122886777101)
(14,18,0.12829196525520298)
(14,19,0.017830634498871612)
(14,20,0.0)
(14,21,0.0)
(14,22,0.06393948205290877)
(14,23,0.4054515048800803)
(14,24,0.03155787444286389)
(14,25,0.5246938498271129)
(14,26,-0.7502329875996689)
(14,27,0.09796496278027107)
(14,28,-0.14279060703820065)
(14,29,-0.07896400557869086)
(14,30,0.6614861189037428)
(14,31,0.0)
(14,32,0.08309746103550716)
(14,33,-0.07001846568350578)
(14,34,-0.15148239922948026)
(14,35,-0.02164696003583546)
(14,36,0.13633576670528869)
(14,37,-0.6326863781384334)
(14,38,-0.18332933145886593)
(14,39,0.08030625486282188)
(14,40,0.0)
(14,41,0.8153793840975136)
(14,42,0.02643015302154471)
(14,43,0.9106131366355924)
(14,44,0.9009718721237356)
(14,45,-0.6912721456688248)
(14,46,0.0)
(14,47,0.0)
(14,48,-0.00835621090338988)
(14,49,0.04259739685167503)
(14,50,-0.7707938151508426)
(14,51,0.8490566037735852)
(14,52,0.0)
(14,53,0.36617386845688854)
(14,54,0.0)
(14,55,-0.08662961636484237)
(14,56,-0.6310852503145581)
(14,57,-0.04343722427630708)
(14,58,-0.04838573718421388)
(14,59,0.009890636993045846)
(14,60,0.0)
(14,61,0.5258598978612914)
(14,62,-0.023664364740399374)
(14,63,0.6632406061164396)
(14,64,0.5054244807092462)
(14,65,0.8531290529169359)
(14,66,-0.04343722427630712)
(14,67,-0.6599854955484971)
(14,68,0.23796561962430035)
(14,69,0.43145549730400473)
(14,70,0.24522690393933824)
(14,71,0.01449123183459571)
(14,72,0.8304081808997023)
(14,73,-0.35114819039329875)
(14,74,0.0)
(14,75,0.0)
(14,76,0.02044526137701365)
(14,77,0.353206976124246)
(14,78,-0.6113850030152216)
(14,79,0.9183790590301393)
(14,80,-0.2524218971470028)
(14,81,0.5491051059254679)
(14,82,0.7614209274991665)
(14,83,0.1796154254346093)
(14,84,0.6268630459090142)
(14,85,-0.7745035111470024)
(14,86,-0.4469345271019197)
(14,87,0.0)
(14,88,-0.5791446878803965)
(14,89,0.0)
(14,90,-0.28371364993369097)
(14,91,-0.8878937487712543)
(14,92,-0.14260799362389778)
(14,93,-0.1396609690497762)
(14,94,0.0)
(14,95,-0.4862126170732665)
(14,96,-0.05661819579813339)
(14,97,-0.10352163202457429)
(14,98,0.4392811098833997)
(14,99,-0.4575377564398154)
(14,100,0.0)
(15,1,0.5992046484807962)
(15,2,0.40938547324743685)
(15,3,0.4357057055641573)
(15,4,0.16860382495583878)
(15,5,-0.2054563037841465)
(15,6,0.23176154404850102)
(15,7,0.026961164152348813)
(15,8,0.17078798469313197)
(15,9,0.39314465315466646)
(15,10,0.03505726925560359)
(15,11,0.2830695168155056)
(15,12,0.864158565218093)
(15,13,0.22766917122578342)
(15,14,-0.13102632320526106)
(15,15,1.0)
(15,16,0.11771490726626657)
(15,17,0.23274775398702388)
(15,18,0.2485396020610678)
(15,19,0.18395499367036433)
(15,20,0.5317989356953644)
(15,21,0.21639884778432172)
(15,22,0.0395128259737247)
(15,23,0.03182766896223909)
(15,24,0.33798144156947246)
(15,25,0.11092895975130614)
(15,26,0.046772924551885746)
(15,27,0.19316243053305862)
(15,28,0.11251442592564516)
(15,29,0.3203104323602723)
(15,30,0.23418630865000153)
(15,31,0.0955200742009436)
(15,32,-0.07347744852107008)
(15,33,0.09084487024506)
(15,34,0.5499327124816974)
(15,35,0.20789265226903875)
(15,36,0.3843249979840835)
(15,37,-0.23908734927379213)
(15,38,-0.03337688254300829)
(15,39,-0.00927765907379916)
(15,40,-0.112641576888018)
(15,41,0.09418831565084226)
(15,42,0.35052517432555697)
(15,43,0.5756455536887761)
(15,44,0.2550844372370888)
(15,45,-0.22311764986536634)
(15,46,0.0)
(15,47,-0.1015346165133618)
(15,48,0.3410928317352673)
(15,49,0.5126822673294209)
(15,50,0.26257369684073334)
(15,51,0.33300847352053276)
(15,52,0.33123280901057567)
(15,53,0.29298540949776053)
(15,54,0.5457436480124862)
(15,55,0.483267838348899)
(15,56,-0.022103300125570206)
(15,57,0.019604949376851723)
(15,58,0.23687910451539151)
(15,59,-0.19452987259518353)
(15,60,0.20118230795728087)
(15,61,0.5356963308746727)
(15,62,0.2072244697187995)
(15,63,-0.045715739820555656)
(15,64,0.46375582312546104)
(15,65,0.01871558659260177)
(15,66,0.7049501564310572)
(15,67,-0.15629165691514071)
(15,68,-0.1714385615435028)
(15,69,-0.07114569721215015)
(15,70,0.24679615611922395)
(15,71,0.33036068531299256)
(15,72,0.38808503128981925)
(15,73,0.2810790311469606)
(15,74,-0.439770271219705)
(15,75,-0.046830585546733625)
(15,76,0.18089336144342488)
(15,77,0.1945980277785095)
(15,78,0.3170365571466741)
(15,79,0.18199856955842889)
(15,80,0.4021022433767689)
(15,81,-0.013637473573070187)
(15,82,0.38436620194027277)
(15,83,-0.04706373791987594)
(15,84,0.676222833914832)
(15,85,0.29860563182504424)
(15,86,0.3158504881575665)
(15,87,0.6430607039716235)
(15,88,0.4012015292937254)
(15,89,0.6720858887668081)
(15,90,0.20985943129567877)
(15,91,0.7268411554350285)
(15,92,0.23753911595227406)
(15,93,0.2498946535652258)
(15,94,0.0)
(15,95,0.39504706214374985)
(15,96,0.23927716516479103)
(15,97,0.40894286623787535)
(15,98,0.5328470415137753)
(15,99,0.4202907574358643)
(15,100,0.39647704852604604)
(16,1,0.0)
(16,2,0.0)
(16,3,0.0)
(16,4,0.0)
(16,5,0.40940252376353753)
(16,6,0.0)
(16,7,0.0)
(16,8,0.7844317780106104)
(16,9,0.9424277454812463)
(16,10,0.5788601553963101)
(16,11,-0.7559131928207512)
(16,12,0.0)
(16,13,-0.6332377902572629)
(16,14,0.0)
(16,15,0.11771490726626657)
(16,16,1.0)
(16,17,0.3486289128980948)
(16,18,0.7061502121889388)
(16,19,0.3108613241738396)
(16,20,0.0)
(16,21,-0.6390540832423979)
(16,22,-0.8253640340595934)
(16,23,-0.4302203965300577)
(16,24,0.6727675692979248)
(16,25,-0.9206899809186511)
(16,26,-0.056701292982390565)
(16,27,0.0)
(16,28,0.0)
(16,29,0.0)
(16,30,0.0)
(16,31,0.5743934290145644)
(16,32,0.0)
(16,33,-0.05933803196397162)
(16,34,-0.6141074871141136)
(16,35,-0.08136200945490685)
(16,36,0.43528232060559846)
(16,37,0.0)
(16,38,0.3695367158470773)
(16,39,0.34106332197528444)
(16,40,0.0)
(16,41,0.0)
(16,42,0.0)
(16,43,0.28349707037067073)
(16,44,-0.1925770150491982)
(16,45,-0.04278910766084596)
(16,46,0.0)
(16,47,0.0)
(16,48,0.47571579118394336)
(16,49,0.9580473465659459)
(16,50,0.0)
(16,51,0.0)
(16,52,0.0)
(16,53,0.4778817642031781)
(16,54,0.0)
(16,55,0.0)
(16,56,0.7502001097858869)
(16,57,0.0)
(16,58,0.26152622944397974)
(16,59,0.6782481371168041)
(16,60,0.9424277454812464)
(16,61,0.0)
(16,62,-0.3530689327858367)
(16,63,0.26415972809448424)
(16,64,0.0)
(16,65,-0.6083039559256596)
(16,66,0.0)
(16,67,0.0)
(16,68,0.0)
(16,69,0.0)
(16,70,0.5594021027196348)
(16,71,0.0)
(16,72,0.0)
(16,73,0.5030191000064453)
(16,74,0.0)
(16,75,0.010735043080189478)
(16,76,0.0)
(16,77,0.3766588923446066)
(16,78,0.9424277454812464)
(16,79,0.0)
(16,80,0.0)
(16,81,0.0)
(16,82,0.724702747326835)
(16,83,-0.26705648260730225)
(16,84,0.0)
(16,85,0.9424277454812464)
(16,86,-0.7624758045898914)
(16,87,0.0)
(16,88,0.0)
(16,89,0.0)
(16,90,-0.2729533128863998)
(16,91,0.0)
(16,92,0.6375105377680717)
(16,93,0.8693077975357925)
(16,94,0.0)
(16,95,-0.1626881403771428)
(16,96,0.0)
(16,97,0.0)
(16,98,0.0)
(16,99,0.0)
(16,100,0.0)
(17,1,0.07286951271131362)
