(1,1,1.0000000000000002)
(1,2,0.3533662294486007)
(1,3,-0.7501115354722765)
(1,4,0.34593773008814593)
(1,5,0.39435565328089034)
(1,6,0.6931561894042303)
(1,7,0.8400603986705228)
(1,8,0.5559687002585859)
(1,9,0.6317472220975273)
(1,10,0.5875473639893846)
(1,11,-0.3152512673144609)
(1,12,-0.11409652938638412)
(1,13,0.934065934065934)
(1,14,0.6580970607512581)
(1,15,-0.24912767378743464)
(1,16,0.22070575700479578)
(1,17,0.5377365942565823)
(1,18,0.421909755665033)
(1,19,0.2655882580765899)
(1,20,0.530009673396111)
(1,21,0.5408478039446234)
(1,22,0.41896594347814625)
(1,23,-0.2178630562141673)
(1,24,-0.05352988571707081)
(1,25,-0.7652535322307843)
(1,26,0.2958263312373006)
(1,27,0.07044699536763471)
(1,28,0.6962514126316438)
(1,29,0.7953207557550086)
(1,30,0.42634037013555104)
(1,31,-0.2092203153538926)
(1,32,0.1436272818346898)
(1,33,-0.8937763941425825)
(1,34,-0.1433716415931886)
(1,35,0.2920710329425535)
(1,36,0.5615275565345649)
(1,37,0.11812558543831207)
(1,38,-0.3328985143505957)
(1,39,0.774013364523006)
(1,40,0.5241454151643895)
(1,41,0.611769219819714)
(1,42,0.4389904754206652)
(1,43,0.33840703524324817)
(1,44,-0.5485676951972599)
(1,45,0.19134849734685055)
(1,46,0.15897109931587888)
(1,47,0.9352862574562834)
(1,48,0.5796951885499025)
(1,49,0.4519084024318222)
(1,50,0.3190276933800726)
(1,51,0.31144856682210015)
(1,52,0.46714974241712676)
(1,53,0.34563511086002097)
(1,54,0.19121139795865916)
(1,55,0.4441904807381785)
(1,56,0.022678888447249267)
(1,57,0.40273327752621124)
(1,58,0.3933942002849817)
(1,59,0.22831261829286031)
(1,60,0.6678423305347584)
(1,61,0.5035894028729639)
(1,62,-0.26956509795972433)
(1,63,-0.2406088697557266)
(1,64,0.48705916792591025)
(1,65,0.6650333373381944)
(1,66,0.12797513172570993)
(1,67,0.4821174710133703)
(1,68,0.4988603353268479)
(1,69,0.3600057875829312)
(1,70,0.15018354844211457)
(1,71,0.28666527357160565)
(1,72,-0.09829710216591328)
(1,73,0.5099700254551067)
(1,74,0.446346906997383)
(1,75,0.13215603702236092)
(1,76,0.677404598318769)
(1,77,0.0)
(1,78,0.5593600944815281)
(1,79,0.6245924242592177)
(1,80,0.3685868347524324)
(1,81,0.0)
(1,82,0.839570157152151)
(1,83,0.6083494325987924)
(1,84,0.27714236431705014)
(1,85,0.19113976749646355)
(1,86,0.13043509082052215)
(1,87,0.6396656835613368)
(1,88,0.5432512781572745)
(1,89,0.27646726805952115)
(1,90,0.6512006706174236)
(1,91,-0.1467667755350836)
(1,92,0.34140374351887487)
(1,93,0.6714564068463544)
(1,94,0.5026364814518746)
(1,95,0.6354887659716877)
(1,96,0.5909808499041507)
(1,97,0.34380492148392805)
(1,98,-0.13553623264110223)
(1,99,0.5377927415020627)
(1,100,0.0662975897949337)
(1,101,0.3992638563014248)
(1,102,-0.9889363528682975)
(1,103,0.4966843270492389)
(1,104,0.2103657536716077)
(1,105,0.352038099732572)
(1,106,0.2585821524134267)
(1,107,-0.41679318397353476)
(1,108,0.08088162784200388)
(1,109,0.1454799252183037)
(1,110,0.7232325797332962)
(1,111,0.5258094305960962)
(1,112,0.3224071727789357)
(1,113,0.41181708871418116)
(1,114,0.31461872332472457)
(1,115,0.8006916511404092)
(2,1,0.3533662294486007)
(2,2,0.9999999999999999)
(2,3,-0.8604932600219993)
(2,4,0.6906131213077937)
(2,5,0.16724564039509712)
(2,6,-0.8069207372680318)
(2,7,0.07037951604395973)
(2,8,0.4618099814117453)
(2,9,0.48775838542090677)
(2,10,0.6113942295470133)
(2,11,0.34070556767714816)
(2,12,-0.5245952206801044)
(2,13,0.4881929231882979)
(2,14,0.17119910163875252)
(2,15,0.5042583344563587)
(2,16,0.3632708313032063)
(2,17,0.6445150934913061)
(2,18,0.10082367546283277)
(2,19,-0.30955526993525956)
(2,20,0.3890020670879794)
(2,21,0.3020890176781884)
(2,22,-0.03885525474593055)
(2,23,-0.15669380535506786)
(2,24,-0.4637469227295109)
(2,25,-0.7133988786380737)
(2,26,0.6537813563967707)
(2,27,0.5254480623283843)
(2,28,0.5303032711950068)
(2,29,0.46698825149596757)
(2,30,0.23396721189626357)
(2,31,-0.3860552742641628)
(2,32,-0.020875738478981616)
(2,33,0.8828295892956409)
(2,34,0.12339461350800188)
(2,35,-0.0064158116190358465)
(2,36,0.5632131874507839)
(2,37,0.27501342871793155)
(2,38,0.25737777858473965)
(2,39,0.4679415489262547)
(2,40,0.3690302223335468)
(2,41,0.5200978217680244)
(2,42,0.8003800227639446)
(2,43,0.23747491485844938)
(2,44,-0.6154823093854808)
(2,45,0.16470113646002274)
(2,46,-0.4536443096436619)
(2,47,0.7071067811865475)
(2,48,0.11748087753844032)
(2,49,0.28135379351671613)
(2,50,0.23625553459536883)
(2,51,0.646383997020408)
(2,52,-0.1467260211960279)
(2,53,0.014738827670353647)
(2,54,0.06659723652413374)
(2,55,0.2932220687331438)
(2,56,-0.6533158335241737)
(2,57,-0.4204248089305524)
(2,58,-0.10146956743177761)
(2,59,-0.031129829869559627)
(2,60,0.5578933821995333)
(2,61,0.3500816043166147)
(2,62,0.0)
(2,63,-0.8079748383356653)
(2,64,0.4537000080111298)
(2,65,0.22034793477362002)
(2,66,0.142749443491021)
(2,67,0.0429763968077798)
(2,68,-0.10282683528874874)
(2,69,0.038425509801942)
(2,70,0.3622736691871916)
(2,71,0.3118328431743893)
(2,72,-0.5982450745859258)
(2,73,0.29280788160758703)
(2,74,0.39486499888815)
(2,75,-0.592638340525484)
(2,76,0.602811179241547)
(2,77,0.0)
(2,78,0.6812570006803672)
(2,79,0.4138810330137434)
(2,80,0.0270711424888586)
(2,81,-0.27342381166364643)
(2,82,-0.9529257800132618)
(2,83,-0.03204884328138889)
(2,84,-0.06566131592016711)
(2,85,0.23473075401332322)
(2,86,0.4145453865918417)
(2,87,-0.10860457460048648)
(2,88,0.8532818336519591)
(2,89,-0.025773833793870143)
(2,90,-0.05466753894466034)
(2,91,-0.17184015410991005)
(2,92,0.18776854178712704)
(2,93,0.3579074741154046)
(2,94,0.338214439919311)
(2,95,0.6794490361207934)
(2,96,-0.13303017289126873)
(2,97,0.01596399390684597)
(2,98,-0.47668466456055286)
(2,99,0.118325521496598)
(2,100,-0.579977804599612)
(2,101,0.20945921663584274)
(2,102,-0.6546053692602626)
(2,103,0.0)
(2,104,0.2663974795015668)
(2,105,0.23125026335914153)
(2,106,-0.053073157873327434)
(2,107,0.1713320816225325)
(2,108,0.16526878032977976)
(2,109,-0.2165389759251796)
(2,110,-0.40938222054871903)
(2,111,0.26996812245197654)
(2,112,-0.2569457938376164)
(2,113,0.2519902573374232)
(2,114,0.5031921541193051)
(2,115,0.3390336305440739)
(3,1,-0.7501115354722765)
(3,2,-0.8604932600219993)
(3,3,0.9999999999999999)
(3,4,-0.8521330020990454)
(3,5,-0.8021806287494232)
(3,6,0.0)
(3,7,-0.9230769230769228)
(3,8,-0.6283136221836085)
(3,9,-0.7871337486692425)
(3,10,-0.8137334712067353)
(3,11,0.2956669669467383)
(3,12,0.679900103650085)
(3,13,-0.987762965329069)
(3,14,-0.8697311348907114)
(3,15,-0.16222142113076266)
(3,16,-0.8964214570007952)
(3,17,0.0)
(3,18,-0.14002800840280083)
(3,19,0.3038401562988508)
(3,20,-0.835371959483908)
(3,21,-0.8621720158790533)
(3,22,-0.4061280854733526)
(3,23,0.5116535698912683)
(3,24,0.9972269926097789)
(3,25,0.8137334712067351)
(3,26,-0.8925558872150872)
(3,27,0.07974522228288983)
(3,28,-0.6791697873527381)
(3,29,-0.9908807141567177)
(3,30,-0.37054783696827226)
(3,31,0.8733048553667557)
(3,32,0.6592203186882429)
(3,33,0.0)
(3,34,0.8837879163470618)
(3,35,-0.25708355455569026)
(3,36,-0.45732520317976644)
(3,37,0.0)
(3,38,0.37085128496041436)
(3,39,-0.6338347063039522)
(3,40,0.7071067811865475)
(3,41,-0.8280861254358007)
(3,42,-0.9615239476408232)
(3,43,0.038304589618199186)
(3,44,0.5368754921931596)
(3,45,-0.5243041203911967)
(3,46,0.6316546325179669)
(3,47,0.0)
(3,48,-0.7612432304867112)
(3,49,0.06019292654288435)
(3,50,0.004714673873007163)
(3,51,0.0)
(3,52,-0.902893898143269)
(3,53,-0.7230054716874926)
(3,54,0.30614491870425786)
(3,55,-0.38800195071671223)
(3,56,0.0)
(3,57,0.0)
(3,58,0.6786952665045699)
(3,59,0.41933329143469367)
(3,60,-0.9297741503177235)
(3,61,-0.8137334712067353)
(3,62,0.0)
(3,63,0.9525626715469697)
(3,64,-0.5170379439509273)
(3,65,0.0)
(3,66,0.06651000219367648)
(3,67,-0.15031867797664442)
(3,68,3.5103763604798287E-17)
(3,69,0.4003162209925275)
(3,70,-0.26998310439830053)
(3,71,-0.6414269805898183)
(3,72,0.0)
(3,73,-0.9827133585632432)
(3,74,-0.9555330859059092)
(3,75,0.6088187851390502)
(3,76,-0.17481641325923467)
(3,77,0.0)
(3,78,0.0)
(3,79,-0.9688147820948667)
(3,80,-0.03677315656764607)
(3,81,0.0)
(3,82,0.0)
(3,83,-0.09656090991705361)
(3,84,0.21336857774399207)
(3,85,0.14744195615489708)
(3,86,0.032241294010957725)
(3,87,-0.2955139190641731)
(3,88,0.0)
(3,89,0.13772647996640283)
(3,90,0.0)
(3,91,-0.25999576484970954)
(3,92,0.022530957109280658)
(3,93,-0.8015565593562474)
(3,94,-0.2379154757154435)
(3,95,-0.7993052538854533)
(3,96,0.0)
(3,97,0.1458305202717254)
(3,98,-0.6149927832902938)
(3,99,-0.37999352442588413)
(3,100,-0.22570643815898353)
(3,101,-0.41161765949226853)
(3,102,0.24253562503633325)
(3,103,0.7961621941231024)
(3,104,-0.3629940851892121)
(3,105,-0.46271729116466115)
(3,106,0.07356496787576577)
(3,107,0.5735393346764043)
(3,108,-0.9428090415820632)
(3,109,0.0)
(3,110,0.0)
(3,111,-0.7937253933193772)
(3,112,-0.13144229056068815)
(3,113,-0.8277812410582099)
(3,114,-0.9598767419350526)
(3,115,-0.9194837620427374)
(4,1,0.34593773008814593)
(4,2,0.6906131213077937)
(4,3,-0.8521330020990454)
(4,4,1.0000000000000002)
(4,5,0.45093360200402105)
(4,6,0.0)
(4,7,0.21654970459262457)
(4,8,0.542710891694212)
(4,9,0.5224031573927524)
(4,10,0.4713354745777303)
(4,11,-0.29105904980679487)
(4,12,-0.6215524949467768)
(4,13,0.6941084253751356)
(4,14,0.688570409924306)
(4,15,0.2439406531382605)
(4,16,0.6194385053381419)
(4,17,0.3302278684542805)
(4,18,0.0694117220074119)
(4,19,-0.44428982201734807)
(4,20,0.17720374367922478)
(4,21,0.6097401211664283)
(4,22,0.2933262143602426)
(4,23,-0.7677752885019031)
(4,24,-0.38636748029191476)
(4,25,-0.5591614245528838)
(4,26,0.8432061118171057)
(4,27,0.04299574234244336)
(4,28,0.524244104283102)
(4,29,0.571471048928829)
(4,30,0.1624699161594172)
(4,31,-0.6039923017152076)
(4,32,-0.4527892444413812)
(4,33,0.35897907930886935)
(4,34,-0.3436496100220853)
(4,35,0.17961502884379452)
(4,36,0.4337871588039423)
(4,37,0.9086217008485096)
(4,38,0.08655439659200245)
(4,39,0.6061351501396443)
(4,40,0.16828126476466837)
(4,41,0.5589887247855907)
(4,42,0.5675591931255517)
(4,43,0.11149945094907673)
(4,44,0.4821846236277895)
(4,45,0.4730168390752126)
(4,46,-0.7114020108849312)
(4,47,0.9255469562056767)
(4,48,0.8995922799001145)
(4,49,0.5101104251281138)
(4,50,0.19841590586506125)
(4,51,-0.013332148306149073)
(4,52,0.28005162387340693)
(4,53,0.29813292185463863)
(4,54,0.042341928689596985)
(4,55,0.34366923661976456)
(4,56,-0.11704114719613075)
(4,57,0.0)
(4,58,-0.35659124513958235)
(4,59,-0.03619299584251725)
(4,60,0.6464713175967313)
(4,61,0.7090634698050142)
(4,62,-0.09254896267654945)
(4,63,-0.8470813887970321)
(4,64,0.38047083358099404)
(4,65,-0.9333456062030593)
(4,66,0.300887650206689)
(4,67,-0.04825319990477334)
(4,68,0.1995850111481282)
(4,69,0.357885815931627)
(4,70,0.18380082187984015)
(4,71,0.3020610466650885)
(4,72,-0.8423619247262301)
(4,73,0.21883168090551788)
(4,74,0.7954794166744478)
(4,75,-0.3859493825474493)
(4,76,0.48424571090819407)
(4,77,0.0)
(4,78,0.6154680087137904)
(4,79,0.7498968892171665)
(4,80,0.19683873256262674)
(4,81,-0.35303154028581935)
(4,82,0.0)
(4,83,0.41010124289779976)
(4,84,0.17702188834160054)
(4,85,-0.028337216847678804)
(4,86,-0.3539874649011249)
(4,87,0.3448984206003742)
(4,88,0.0)
(4,89,0.011381374796774167)
(4,90,-0.5356890993502469)
(4,91,-0.36110895018618566)
(4,92,0.4189864210450538)
(4,93,0.6317046076519028)
(4,94,0.11089049595721648)
(4,95,0.4362395537045449)
(4,96,0.0)
(4,97,-0.2148785363311266)
(4,98,-0.13527802947043174)
(4,99,0.5087270271222645)
(4,100,0.3581963603236564)
(4,101,0.31820779840267494)
(4,102,0.7071067811865475)
(4,103,-0.9284766908852592)
(4,104,0.16891062984162816)
(4,105,0.29380753373251256)
(4,106,0.11797716271647637)
(4,107,0.1945686401360478)
(4,108,0.6909422044885541)
(4,109,-0.09858828980162394)
(4,110,0.0)
(4,111,0.8122106446741605)
(4,112,0.09330347323279471)
(4,113,0.6753609415635924)
(4,114,0.6405246904076995)
(4,115,0.47216258752882034)
(5,1,0.39435565328089034)
(5,2,0.16724564039509712)
(5,3,-0.8021806287494232)
(5,4,0.45093360200402105)
(5,5,1.0)
(5,6,0.0)
(5,7,0.36348023621358294)
(5,8,0.6237727880894415)
(5,9,0.3871078894193515)
(5,10,-0.06840855878815427)
(5,11,0.6285885437568768)
(5,12,-0.6849495194215732)
(5,13,0.48989794855663554)
(5,14,0.5591614245528839)
(5,15,-0.09024852563942803)
(5,16,0.6479279191530085)
(5,17,0.6076436202502)
(5,18,0.16181450508306475)
(5,19,-0.23519687169829356)
(5,20,-0.5207432930150435)
(5,21,0.27895384193086437)
(5,22,0.5954959534874316)
(5,23,-0.5566499393061832)
(5,24,0.6440206089892365)
(5,25,0.34236839400873037)
(5,26,0.373328278625164)
(5,27,-0.15398977805469286)
(5,28,0.2913303384682285)
(5,29,0.6081888303596189)
(5,30,0.29984894258861033)
(5,31,-0.5459909369035787)
(5,32,-0.37166931986890245)
(5,33,-0.5426809539693161)
(5,34,0.0801879193228918)
(5,35,-0.14599183064490298)
(5,36,0.12296809377955785)
(5,37,-0.49236596391733106)
(5,38,0.14166447375601918)
(5,39,0.536323142729931)
(5,40,-0.10040241611281235)
(5,41,0.7143201620976438)
(5,42,-0.19788298285674097)
(5,43,-0.47376359008659263)
(5,44,0.5139064873806881)
(5,45,0.32426254041641217)
(5,46,4.9817017477477894E-17)
(5,47,0.5547001962252289)
(5,48,-1.0860556632786142E-16)
(5,49,-0.07865533448613615)
(5,50,-0.20124603736049734)
(5,51,0.0)
(5,52,-0.0996023841111995)
(5,53,-0.007430472449117313)
(5,54,0.14178998938464205)
(5,55,-0.04775065234873931)
(5,56,-0.508101693243873)
(5,57,-0.5069794004195823)
(5,58,-0.1575909617291342)
(5,59,-0.03171081705771562)
(5,60,0.47386073851411836)
(5,61,0.8670162465128157)
(5,62,-0.5753628269090507)
(5,63,0.43864231000669135)
(5,64,0.44950132773908225)
(5,65,-0.5087055749715826)
(5,66,0.47912904546298035)
(5,67,-0.06352968984509881)
(5,68,0.5041823501543533)
(5,69,0.23060684112347868)
(5,70,0.21386829731031592)
(5,71,0.09919353522139876)
(5,72,-0.9258200997725515)
(5,73,0.36403767404063053)
(5,74,0.011614566367080652)
(5,75,-0.07341406521865568)
(5,76,0.3355612677246322)
(5,77,0.0)
(5,78,0.42717455170226076)
(5,79,0.6775127604755682)
(5,80,0.3022631541908195)
(5,81,-0.8574929257125443)
(5,82,0.0)
(5,83,0.05290324520364584)
(5,84,0.4859957412005957)
(5,85,-0.030927013322285486)
(5,86,-0.08032193289024969)
(5,87,0.11685730308483581)
(5,88,-0.46028730894916164)
(5,89,-0.023501859764028788)
(5,90,0.12376844287208442)
(5,91,0.472880897477764)
(5,92,0.29260118205085683)
(5,93,0.661844905159126)
(5,94,0.17273199131422257)
(5,95,0.5035234678354914)
(5,96,0.11613144917081453)
(5,97,-0.11044458349667922)
(5,98,0.3060169092673548)
(5,99,0.3257954715060921)
(5,100,0.6529771826140517)
(5,101,0.2410740556586956)
(5,102,0.0)
(5,103,-0.2751894703243787)
(5,104,0.49519527439683814)
(5,105,0.47236478674959326)
(5,106,0.08528028654224412)
(5,107,0.6062177826491071)
(5,108,0.3574850027015812)
(5,109,-0.5778253026313003)
(5,110,-0.4189251705173024)
(5,111,0.2429898119978909)
(5,112,0.14166088817773473)
(5,113,-0.021361919411966905)
(5,114,0.29345107113482033)
(5,115,0.2933363669914249)
(6,1,0.6931561894042303)
(6,2,-0.8069207372680318)
(6,3,0.0)
(6,4,0.0)
(6,5,0.0)
(6,6,1.0000000000000002)
(6,7,0.0)
(6,8,0.0)
(6,9,0.0)
(6,10,0.7808688094430303)
(6,11,-0.26362486509824806)
(6,12,0.0)
(6,13,0.9999999999999998)
(6,14,-0.31622776601683794)
(6,15,0.0)
(6,16,-0.8164965809277261)
(6,17,0.4472135954999579)
(6,18,0.0)
(6,19,0.7558355465066359)
(6,20,-0.41380294430118386)
(6,21,0.3309598062357294)
(6,22,0.0)
(6,23,0.0)
(6,24,0.7682212795973759)
(6,25,0.0)
(6,26,-0.3142696805273544)
(6,27,-0.5144957554275265)
(6,28,0.4546689908859494)
(6,29,0.0)
(6,30,0.0)
(6,31,0.0)
(6,32,0.21320071635561047)
(6,33,0.0)
(6,34,-0.24253562503633297)
(6,35,0.0)
(6,36,0.49009802940980346)
(6,37,0.0)
(6,38,-0.24159373555565453)
(6,39,0.9701425001453319)
(6,40,0.0)
(6,41,0.2819236435540826)
(6,42,0.0)
(6,43,0.7411856873793272)
(6,44,0.0)
(6,45,0.8320502943378437)
(6,46,0.8221921916437784)
(6,47,0.0)
(6,48,0.0)
(6,49,0.4911784253597676)
(6,50,0.2732925112045662)
(6,51,0.0)
(6,52,0.14142135623730948)
(6,53,0.0)
(6,54,0.5591491340752626)
(6,55,0.31622776601683794)
(6,56,0.0)
(6,57,0.0)
(6,58,0.3162277660168379)
(6,59,0.46211123988662806)
(6,60,0.0)
(6,61,0.0)
(6,62,-0.9486832980505138)
(6,63,0.0)
(6,64,0.0)
(6,65,0.0)
(6,66,-0.30641823991366257)
(6,67,0.45732956038002365)
(6,68,0.9285826235029151)
(6,69,0.9993081977726123)
(6,70,-0.23745309047699004)
(6,71,-0.5999999999999999)
(6,72,0.31622776601683794)
(6,73,-0.38569460791993504)
(6,74,-0.2886751345948129)
(6,75,0.0)
(6,76,0.8758382566188738)
(6,77,0.0)
(6,78,-0.999314833766767)
(6,79,0.8637789008984335)
(6,80,0.36380343755449956)
(6,81,-0.7071067811865475)
(6,82,0.9486832980505138)
(6,83,0.9240265886932161)
(6,84,0.8559209850218259)
(6,85,0.13608276348795434)
(6,86,-0.3162277660168384)
(6,87,0.7464149880505613)
(6,88,0.0)
(6,89,0.8517710406460133)
(6,90,0.8574929257125442)
(6,91,-0.987762965329069)
(6,92,0.4131069827420594)
(6,93,0.0)
(6,94,0.0)
(6,95,-0.7385489458759965)
(6,96,0.0)
(6,97,0.15182425128255253)
(6,98,-0.7777137710478191)
(6,99,0.6767529681839596)
(6,100,0.3162277660168377)
(6,101,0.4856618642571828)
(6,102,0.0)
(6,103,0.0)
(6,104,-0.492365963917331)
(6,105,-0.2075242687882301)
(6,106,0.9921221397784367)
(6,107,0.0)
(6,108,-0.7071067811865475)
(6,109,0.0)
(6,110,0.0)
(6,111,-0.19767387315371676)
(6,112,0.36380343755449956)
(6,113,-0.9486832980505138)
(6,114,-0.7169771439171534)
(6,115,0.26307610980099017)
(7,1,0.8400603986705228)
(7,2,0.07037951604395973)
(7,3,-0.9230769230769228)
(7,4,0.21654970459262457)
(7,5,0.36348023621358294)
(7,6,0.0)
(7,7,1.0)
(7,8,0.3361457243878132)
(7,9,0.7392383756815458)
(7,10,0.6732014170987177)
(7,11,-0.8733048553667557)
(7,12,0.5486301348591983)
(7,13,0.7868995982344531)
(7,14,0.7868995982344531)
(7,15,-0.0863868425581361)
(7,16,0.17712297710801903)
(7,17,0.6246950475544241)
(7,18,0.47699904600286214)
(7,19,0.5508727964667228)
(7,20,0.49289120864699215)
(7,21,0.32406535710128553)
(7,22,0.6990257978321116)
(7,23,-0.35043832202523106)
(7,24,-0.3568573038222498)
(7,25,-0.8574929257125443)
(7,26,0.22447148310214202)
(7,27,-0.7134660317604761)
(7,28,0.867425101428765)
(7,29,0.6490934798064597)
(7,30,0.7704241124037101)
(7,31,0.45791188111115805)
(7,32,0.05707817929853931)
(7,33,-0.8137334712067351)
(7,34,0.2083729044282493)
(7,35,0.020122109265774596)
(7,36,0.5449029029227392)
(7,37,-0.6519456811446813)
(7,38,-0.0725766442279902)
(7,39,0.9214369600802812)
(7,40,0.0)
(7,41,0.0060063580920732855)
(7,42,0.15899968200095388)
(7,43,0.7057634409764281)
(7,44,-0.9647638212377322)
(7,45,0.7499571392560778)
(7,46,0.17310893582538467)
(7,47,0.5547001962252289)
(7,48,0.5463902214100086)
(7,49,-1.8001613184771367E-16)
(7,50,0.27012293390875824)
(7,51,0.2878917155695255)
(7,52,0.5813905582939994)
(7,53,0.8879151744224126)
(7,54,0.2300464997588408)
(7,55,0.7674915697462382)
(7,56,0.0)
(7,57,0.8320502943378437)
(7,58,0.6021738235751393)
(7,59,0.6430187366922108)
(7,60,0.018254564183465962)
(7,61,0.6732014170987177)
(7,62,0.2457180467335804)
(7,63,0.15480470613460087)
(7,64,0.8640565224370086)
(7,65,0.9801960588196069)
(7,66,0.32585733460090655)
(7,67,0.8434969541726942)
(7,68,0.6973750559669522)
(7,69,0.21119575853824327)
(7,70,0.15984851171229114)
(7,71,0.7827803638564369)
(7,72,-0.20094492631009792)
(7,73,0.1970464896755433)
(7,74,0.1959069445345018)
(7,75,0.765704864789611)
(7,76,-0.11465143766882241)
(7,77,0.0)
(7,78,0.8879944092772878)
(7,79,0.6945105933480605)
(7,80,0.6414062032715555)
(7,81,0.485642931178632)
(7,82,0.0)
(7,83,0.9813137496771571)
(7,84,0.5105227557738204)
(7,85,0.4070457892053471)
(7,86,-0.29386041680175257)
(7,87,0.8122136295315032)
(7,88,0.0)
(7,89,-0.11721690360327378)
(7,90,0.0)
(7,91,-0.47635623071816985)
(7,92,0.3198648687758025)
(7,93,0.8464681882487309)
(7,94,0.6098604959836336)
(7,95,0.9476338693022515)
(7,96,0.0)
(7,97,0.4999428162971683)
(7,98,0.8741572761215377)
(7,99,0.2950032114630161)
(7,100,0.8411582311380662)
(7,101,-0.15444320839947054)
(7,102,0.0)
(7,103,0.0)
(7,104,0.6610585411773782)
(7,105,0.7037696155435101)
(7,106,0.48925097428324493)
(7,107,-0.6204533874635851)
(7,108,-0.06757373783994865)
(7,109,0.8558444524780836)
(7,110,0.7893522173763264)
(7,111,0.32439838281050953)
(7,112,0.5681535640589688)
(7,113,0.5194083666004787)
(7,114,0.14437470548592718)
(7,115,0.9691297484016677)
(8,1,0.5559687002585859)
(8,2,0.4618099814117453)
(8,3,-0.6283136221836085)
(8,4,0.542710891694212)
(8,5,0.6237727880894415)
(8,6,0.0)
(8,7,0.3361457243878132)
(8,8,1.0)
(8,9,0.45199875650798554)
(8,10,0.5410934371807528)
(8,11,0.1756412055001698)
(8,12,-0.8060323502739515)
(8,13,0.7015076267160596)
(8,14,0.41153202256958854)
(8,15,0.22212068133402293)
(8,16,0.5198843462877372)
(8,17,0.42858799067830033)
(8,18,0.13652592788242252)
(8,19,0.25435558446878187)
(8,20,0.134291309869058)
(8,21,0.48188400092260886)
(8,22,0.4682310512668379)
(8,23,0.11162109020439062)
(8,24,0.030439767375905806)
(8,25,-0.47581247937391286)
(8,26,0.5747329039470299)
(8,27,0.019774958126570503)
(8,28,0.6143995198777585)
(8,29,0.8728598131794207)
(8,30,0.49736329317371547)
(8,31,-0.6943827992786566)
(8,32,-0.07757262339166358)
(8,33,-0.2973683702047904)
(8,34,-0.03104281539527625)
(8,35,0.1447856869762532)
(8,36,0.14015229823834569)
(8,37,0.834379661283694)
(8,38,-0.21894262610907522)
(8,39,0.6418573017284468)
(8,40,-0.33454012979849795)
(8,41,0.5003814936341306)
(8,42,0.288115453707695)
(8,43,-0.08324036961283772)
(8,44,-0.025930328052813707)
(8,45,0.3567598069142161)
(8,46,0.1524056150649758)
(8,47,0.9629640197141818)
(8,48,0.08681506385469007)
(8,49,0.2817398513153708)
(8,50,-0.14558242067091132)
(8,51,-0.37400331251771585)
(8,52,0.5614612756414673)
(8,53,0.2194115569685694)
(8,54,-0.05149214586327493)
(8,55,0.7150858940278656)
(8,56,-0.11704114719613082)
(8,57,0.08141255010133026)
(8,58,-0.44441845508747757)
(8,59,0.02940966038342134)
(8,60,0.6311688904104562)
(8,61,0.8577438151590038)
(8,62,-0.2578981838422519)
(8,63,-0.03761701546033094)
(8,64,0.910209282261895)
(8,65,0.180200494486853)
(8,66,0.4466734785739551)
(8,67,0.03882298301506813)
(8,68,0.30402255109368787)
(8,69,0.23420890114147982)
(8,70,0.2565436207875535)
(8,71,0.24723408821707424)
(8,72,-0.5603930126290259)
(8,73,0.41631397640817847)
(8,74,0.7414315976861667)
(8,75,-0.4459656608506465)
(8,76,0.6471374199687758)
(8,77,0.0)
(8,78,0.3866544466698503)
(8,79,0.750818886754712)
(8,80,0.10122483023574844)
(8,81,-0.42054238216439793)
(8,82,0.0)
(8,83,0.07797159851118016)
(8,84,0.19202467996272093)
(8,85,0.17056644350904912)
(8,86,0.4740015507432288)
(8,87,0.22832711130125483)
(8,88,-0.49913419848462176)
(8,89,0.1710611700636814)
(8,90,0.7036655947251845)
(8,91,-0.11848649668437702)
(8,92,0.29285857183472297)
(8,93,0.6785266768114749)
(8,94,0.11359754742795736)
(8,95,0.5795781830088268)
(8,96,0.8399184090354466)
(8,97,0.11985451631377779)
(8,98,0.0536487074148033)
(8,99,0.6040871484404786)
(8,100,-0.007737074167387449)
(8,101,0.26726189906851483)
(8,102,-0.8350293597017083)
(8,103,0.20433447413392491)
(8,104,0.6549013288760823)
(8,105,0.4428077085610689)
(8,106,0.6340084382920377)
(8,107,0.3280190742563077)
(8,108,0.15088792436834003)
(8,109,-0.2563280871351796)
(8,110,-0.5603093677042106)
(8,111,0.44146326714504536)
(8,112,-0.05325202920557256)
(8,113,0.5996353503130358)
(8,114,0.6798213940793104)
(8,115,0.6156218991149698)
(9,1,0.6317472220975273)
(9,2,0.48775838542090677)
(9,3,-0.7871337486692425)
(9,4,0.5224031573927524)
(9,5,0.3871078894193515)
(9,6,0.0)
(9,7,0.7392383756815458)
(9,8,0.45199875650798554)
(9,9,1.0)
(9,10,0.7901589137722143)
(9,11,0.2470663467714684)
(9,12,0.02926028679903254)
(9,13,0.6163649961485785)
(9,14,0.7308313358203066)
(9,15,0.4045199174779453)
(9,16,0.3644505096712967)
(9,17,0.5426916718446576)
(9,18,0.338964863051539)
(9,19,-0.05047654908518695)
(9,20,0.06570201019276707)
(9,21,0.6353656937720389)
(9,22,0.37279986446426827)
(9,23,-0.47483910496508025)
(9,24,0.1918267314992868)
(9,25,-0.5266851623825874)
(9,26,0.7639504244501989)
(9,27,0.009978072334820816)
(9,28,0.5497291211579675)
(9,29,0.6101668985583527)
(9,30,0.659117458965853)
(9,31,-0.3726779962499652)
(9,32,0.03223812147491651)
(9,33,0.2829125760578692)
(9,34,0.3735214311365006)
(9,35,-0.03738777145279691)
(9,36,0.5126847199983786)
(9,37,-0.46596307588620167)
(9,38,0.4138528438433187)
(9,39,0.6780435214805092)
(9,40,0.02380952380952373)
(9,41,0.8801243113440302)
(9,42,0.5411108647376102)
(9,43,0.04176242857253976)
(9,44,-0.3066451064405701)
(9,45,0.699674319435141)
(9,46,-0.5112171874107659)
(9,47,0.7071067811865475)
(9,48,0.3610122534540987)
(9,49,0.24039418013632513)
(9,50,0.12204533110886616)
(9,51,0.526030488217329)
(9,52,0.5566605401227758)
(9,53,0.3762366366567788)
(9,54,0.09139918416954337)
(9,55,0.5865561082406849)
(9,56,-0.21360453144631147)
(9,57,-0.32991443953692917)
(9,58,0.12547742517325075)
(9,59,0.153283127466354)
(9,60,0.5058772861735749)
(9,61,0.711275464500633)
(9,62,-0.8396642014656938)
(9,63,-0.08989062868568676)
(9,64,0.4496087950423712)
(9,65,0.5631192396056007)
(9,66,0.3995741574480245)
(9,67,0.46542298677328614)
(9,68,0.39308422001644744)
(9,69,0.2769486613251952)
(9,70,0.19034291568308706)
(9,71,0.6634888026970371)
(9,72,-0.8297265905944211)
(9,73,0.2425946002651772)
(9,74,0.44683365279111875)
(9,75,-0.3667103950876065)
(9,76,0.4784704996301793)
(9,77,0.0)
(9,78,0.48160922286199076)
(9,79,0.853314792373843)
(9,80,0.3935438639383479)
(9,81,-0.7027819284987272)
(9,82,0.0)
(9,83,0.3887027982605474)
(9,84,0.3035505322348507)
(9,85,0.15805215593872)
(9,86,0.030892866839977936)
(9,87,0.06301881634960232)
(9,88,0.1104315260748462)
(9,89,-0.04758372730320833)
(9,90,0.619064459484253)
(9,91,0.1877068323984937)
(9,92,0.1555225176960069)
(9,93,0.6943497707493791)
(9,94,0.1473739685310916)
(9,95,0.6780131217537014)
(9,96,0.3106303720986975)
(9,97,0.09982251526934434)
(9,98,-0.1382632600824934)
(9,99,0.4718461964377695)
(9,100,0.28635133062045476)
(9,101,0.5131313723804757)
(9,102,-0.8267673819143257)
(9,103,0.526030488217329)
(9,104,0.628811540269399)
(9,105,0.690180896663801)
(9,106,0.29262329353657535)
(9,107,0.09107483232455739)
(9,108,0.3176405553263937)
(9,109,-0.6098678344610445)
(9,110,-0.06380091150886713)
(9,111,0.3871112475765579)
(9,112,0.15845166608934808)
(9,113,0.48280454958526764)
(9,114,0.5141513302895822)
(9,115,0.42117584985146206)
(10,1,0.5875473639893846)
(10,2,0.6113942295470133)
(10,3,-0.8137334712067353)
(10,4,0.4713354745777303)
(10,5,-0.06840855878815427)
(10,6,0.7808688094430303)
(10,7,0.6732014170987177)
(10,8,0.5410934371807528)
(10,9,0.7901589137722143)
(10,10,0.9999999999999998)
(10,11,0.1762851284413113)
(10,12,-0.557883398049737)
(10,13,0.8039955471139164)
(10,14,0.5413319619607667)
(10,15,0.6793662204867574)
(10,16,0.2735506022160966)
(10,17,0.8693245601268231)
(10,18,0.19389168358237033)
(10,19,0.3684920296772937)
(10,20,0.45444640465077824)
(10,21,0.5129901125498353)
(10,22,-0.15754527228867524)
(10,23,0.04616608588671059)
(10,24,0.03284320211705444)
(10,25,-0.8)
(10,26,0.29657993760237866)
(10,27,-0.09591716334086424)
(10,28,0.9703241998079241)
(10,29,0.7437151967228647)
(10,30,0.10889873131968957)
(10,31,-0.6803587209728252)
(10,32,0.3088649171234578)
(10,33,0.4364357804719848)
(10,34,0.3177444546511212)
(10,35,0.48928046995998836)
(10,36,0.525877193594165)
(10,37,0.6)
(10,38,0.018218744798139893)
(10,39,0.7873000261576063)
(10,40,0.7071067811865475)
(10,41,0.4784797676995525)
(10,42,0.5312342737798693)
(10,43,0.7332147181832337)
(10,44,-0.6390644422470536)
(10,45,0.45814927814324374)
(10,46,-0.12456636192604283)
(10,47,0.9899494936611665)
(10,48,0.26055361092729834)
(10,49,0.47479840565397924)
(10,50,0.0)
(10,51,-0.6764814252025461)
(10,52,0.2182178902359924)
(10,53,-0.04495883941410006)
(10,54,0.31454030538436745)
(10,55,0.7732718920289621)
(10,56,0.0)
(10,57,-0.26261286571944514)
(10,58,0.16142811511576666)
(10,59,0.47717603638172124)
(10,60,0.7602454281672373)
(10,61,0.9999999999999999)
(10,62,-0.3034485645172023)
(10,63,-0.4522670168666455)
(10,64,0.6684553193719779)
(10,65,0.9778024140774093)
(10,66,0.03594458023610785)
(10,67,0.3088076962105977)
(10,68,0.18466748661772736)
(10,69,0.28705974826657704)
(10,70,0.5393734488857879)
(10,71,0.09950371902099892)
(10,72,-0.19611613513818418)
(10,73,0.15219858439135206)
(10,74,0.6993591717859493)
(10,75,0.11396057645963795)
(10,76,0.7767121984049169)
(10,77,0.0)
(10,78,0.0)
(10,79,0.5469362055439776)
(10,80,-0.41455030764220074)
(10,81,0.0)
(10,82,0.0)
(10,83,0.30866781071244365)
(10,84,0.3026137663344012)
(10,85,0.10699012312772821)
(10,86,0.4864525663480897)
(10,87,-0.02054980779415695)
(10,88,0.7808688094430303)
(10,89,0.44221262097357583)
(10,90,0.8785611189861341)
(10,91,-0.5619793891487808)
(10,92,0.2660436915090537)
(10,93,0.49048709572187427)
(10,94,0.2978081105782825)
(10,95,0.4152273992686999)
(10,96,0.0)
(10,97,0.12038302903031457)
(10,98,-0.3403318675342594)
(10,99,0.5105831833950031)
(10,100,-0.14958506144577008)
(10,101,0.3150905445773505)
(10,102,-0.9922778767136677)
(10,103,0.9433674358115997)
(10,104,0.3585543941457886)
(10,105,0.3405355158753309)
(10,106,0.5423552440749199)
(10,107,-0.02809387802771537)
(10,108,-0.3706246583305506)
(10,109,0.4443579126067275)
(10,110,0.8944271909999159)
(10,111,0.14363635216606294)
(10,112,-0.06984232856342718)
(10,113,0.7479173608477658)
(10,114,0.4239113759983974)
(10,115,0.6360377418405426)
(11,1,-0.3152512673144609)
(11,2,0.34070556767714816)
(11,3,0.2956669669467383)
(11,4,-0.29105904980679487)
(11,5,0.6285885437568768)
(11,6,-0.26362486509824806)
(11,7,-0.8733048553667557)
(11,8,0.1756412055001698)
(11,9,0.2470663467714684)
(11,10,0.1762851284413113)
(11,11,1.0000000000000002)
(11,12,-0.1685799007844358)
(11,13,-0.3922322702763681)
(11,14,-0.6575827845326953)
(11,15,0.4950989654412548)
(11,16,0.160763142812823)
(11,17,0.9185315234055024)
(11,18,-2.7997337288858085E-17)
(11,19,0.14558171614909482)
(11,20,0.10305376873251208)
(11,21,0.18907059100627638)
(11,22,0.06876368358856001)
(11,23,0.1823097674322163)
(11,24,0.632455532033676)
(11,25,0.3823595564509363)
(11,26,-0.11195581651111797)
(11,27,0.1857142857142857)
(11,28,0.3424754597034714)
(11,29,-0.07769802314538377)
(11,30,0.6288993426834646)
(11,31,-0.30721658772581023)
(11,32,0.3572054269840253)
(11,33,1.0)
(11,34,0.7363088213412892)
(11,35,-0.048943132880178174)
(11,36,-0.3043518851412587)
(11,37,-0.2648981825952401)
(11,38,0.2842760550283978)
(11,39,-0.6336886309044192)
(11,40,-0.5329517414226601)
(11,41,-0.20940101367003092)
(11,42,0.32405931476417904)
(11,43,0.06883675211583305)
(11,44,-0.5153120024405176)
(11,45,0.34680940086961537)
(11,46,0.17076982457869697)
(11,47,-0.7808688094430303)
(11,48,-0.9897475249773017)
(11,49,0.275910454033977)
(11,50,0.07661666452561378)
(11,51,0.9284766908852592)
(11,52,-0.40878919602134883)
(11,53,-0.8346484964622465)
(11,54,0.06006099412638546)
(11,55,0.2475465936440779)
(11,56,-0.9730354718902341)
(11,57,-0.30406056993414854)
(11,58,-0.2592591275186561)
(11,59,-0.27409661194544727)
(11,60,0.04159149754826686)
(11,61,-0.7975280005070088)
(11,62,-0.1033924092079637)
(11,63,-0.030386856273138148)
(11,64,0.22365605223619744)
(11,65,-0.9312427797057533)
(11,66,0.596870386581533)
(11,67,-0.7694631155629759)
(11,68,-0.16490584788133472)
(11,69,0.02565072068336562)
(11,70,0.5234626527312854)
(11,71,0.07324702503584764)
(11,72,-0.2327999231009412)
(11,73,0.327022869198405)
(11,74,-0.32858893681519186)
(11,75,-0.5851686102393893)
(11,76,0.3621183461821644)
(11,77,0.0)
(11,78,0.7004898655902445)
(11,79,0.7297264146952681)
(11,80,0.23874390904268072)
(11,81,0.0)
(11,82,-0.9832820049844601)
(11,83,0.1612730155360042)
(11,84,0.058998511736160594)
(11,85,-0.007224030685898208)
(11,86,0.6071428571428572)
(11,87,-0.5816910523398033)
(11,88,0.0)
(11,89,0.2284587890305711)
(11,90,0.6936879756192958)
(11,91,0.49694927808284195)
(11,92,-0.019863697448543584)
(11,93,0.039158047406232376)
(11,94,0.12588218579433866)
(11,95,-0.051286524399185)
(11,96,0.21693045781865625)
(11,97,-0.1267845050494905)
(11,98,-0.6005798595981731)
(11,99,-0.02638008211572585)
(11,100,-0.21817496353345528)
(11,101,0.35662081268158713)
(11,102,-0.8240419241993676)
(11,103,-0.19611613513818416)
(11,104,0.08509133731765783)
(11,105,0.3774518162070323)
(11,106,0.07230654857018053)
(11,107,0.8115026712006892)
(11,108,0.573395768751652)
(11,109,-0.5016338844932093)
(11,110,0.0)
(11,111,-0.2168960014623011)
(11,112,-0.024706634677146913)
(11,113,-0.3914682503568409)
(11,114,-0.18249743584197603)
(11,115,-0.15923218043589632)
(12,1,-0.11409652938638412)
(12,2,-0.5245952206801044)
(12,3,0.679900103650085)
(12,4,-0.6215524949467768)
(12,5,-0.6849495194215732)
(12,6,0.0)
(12,7,0.5486301348591983)
(12,8,-0.8060323502739515)
(12,9,0.02926028679903254)
(12,10,-0.557883398049737)
(12,11,-0.1685799007844358)
(12,12,0.9999999999999998)
(12,13,-0.4803844614152615)
(12,14,-0.30304576336566325)
(12,15,0.0)
(12,16,-0.7905694150420948)
(12,17,0.0)
(12,18,0.6324555320336759)
(12,19,0.5424917993317123)
(12,20,-0.4197849153322223)
(12,21,0.24615581651166005)
(12,22,0.48088460154178353)
(12,23,0.31491832864888675)
(12,24,0.382546027838003)
(12,25,0.8164965809277259)
(12,26,-0.6461623427559642)
(12,27,-0.5601120336112039)
(12,28,0.0)
(12,29,-0.4135286170989417)
(12,30,0.5004938272808617)
(12,31,0.6986956960477687)
(12,32,0.6529286250990105)
(12,33,-0.7071067811865475)
(12,34,0.408248290463863)
(12,35,-0.048112522432468746)
(12,36,-0.13552618543578765)
(12,37,-0.980196058819607)
(12,38,0.3393398225253192)
(12,39,-0.19242900508563449)
(12,40,0.0)
(12,41,-0.7480643592033707)
(12,42,-0.8006407690254358)
(12,43,-0.18123662799905318)
(12,44,-0.24743582965269675)
(12,45,0.0815892439830631)
(12,46,0.1418951309521204)
(12,47,-0.7071067811865475)
(12,48,-0.08703882797784893)
(12,49,0.0)
(12,50,0.556021856893694)
(12,51,-0.39391929857916763)
(12,52,0.5518254055364693)
(12,53,0.5635662786233822)
(12,54,0.008992783937879206)
(12,55,0.49618606177797403)
(12,56,0.37852817872590716)
(12,57,0.8660254037844387)
(12,58,0.7223556003100573)
(12,59,0.20296782371681166)
(12,60,-0.5150262026246047)
(12,61,-0.8528028654224419)
(12,62,0.23570226039551587)
(12,63,0.7715167498104595)
(12,64,-0.40967239307593367)
(12,65,0.9999999999999998)
(12,66,0.3997716243033933)
(12,67,0.24683290987586015)
(12,68,0.17644346843051198)
(12,69,-0.018346307741382274)
(12,70,0.12112613367021255)
(12,71,0.4472135954999579)
(12,72,0.0)
(12,73,-0.5492604177080994)
(12,74,0.18333969940564224)
(12,75,-0.1658053344579357)
(12,76,-0.17591909871273262)
(12,77,0.0)
(12,78,0.7324670207647144)
(12,79,0.255460957900804)
(12,80,0.655178022951199)
(12,81,0.4999999999999999)
(12,82,0.0)
(12,83,0.07844645405527359)
(12,84,-0.2773500981126146)
(12,85,0.0)
(12,86,-0.3481553119113958)
(12,87,0.19625887926883617)
(12,88,0.0)
(12,89,-0.2151190626960179)
(12,90,-0.4364357804719846)
(12,91,-0.43733339045056346)
(12,92,-0.08097071042492718)
(12,93,-0.2581793757925743)
(12,94,-0.3319700011034929)
(12,95,0.23643312187173018)
(12,96,0.5547001962252289)
(12,97,0.10628768098753079)
(12,98,0.4407318961869527)
(12,99,-0.04670144624943041)
(12,100,0.5080005080007619)
(12,101,0.0)
(12,102,1.0)
(12,103,-0.39391929857916763)
(12,104,-0.36661778755338326)
(12,105,0.47079784723352314)
(12,106,-0.4911766724126015)
(12,107,-0.20412414523193154)
(12,108,-0.2886751345948129)
(12,109,0.34554737023254395)
(12,110,0.8944271909999159)
(12,111,-0.3677108478215375)
(12,112,0.08032193289025005)
(12,113,0.32954102182865386)
(12,114,-0.6137949055234262)
(12,115,-0.21791793423134004)
(13,1,0.934065934065934)
(13,2,0.4881929231882979)
(13,3,-0.987762965329069)
(13,4,0.6941084253751356)
(13,5,0.48989794855663554)
(13,6,0.9999999999999998)
(13,7,0.7868995982344531)
(13,8,0.7015076267160596)
(13,9,0.6163649961485785)
(13,10,0.8039955471139164)
(13,11,-0.3922322702763681)
(13,12,-0.4803844614152615)
(13,13,1.0)
(13,14,0.8333333333333335)
(13,15,0.0)
(13,16,0.5345224838248488)
(13,17,0.5773502691896258)
(13,18,0.12403473458920848)
(13,19,0.08612481467073635)
(13,20,0.5336680747317523)
(13,21,0.5420000097759281)
(13,22,0.31250504434992493)
(13,23,-0.19355044226326587)
(13,24,-0.3407990882954985)
(13,25,-0.8703882797784892)
(13,26,0.5317600752351934)
(13,27,-0.2353393621658208)
(13,28,0.7691857950952585)
(13,29,0.8050138739662234)
(13,30,0.11357879791108003)
(13,31,-0.6163649961485785)
(13,32,-0.20701966780270634)
(13,33,-0.9999999999999998)
(13,34,-0.31524416249564025)
(13,35,0.39405520311955033)
(13,36,0.4537426064865151)
(13,37,0.4472135954999579)
(13,38,-0.5235889701722337)
(13,39,0.9315755088927193)
(13,40,0.0)
(13,41,0.5179268048503397)
(13,42,0.24019223070763074)
(13,43,0.5819143739626463)
(13,44,-0.8944271909999159)
(13,45,0.5001370175864953)
(13,46,-0.11547005383792505)
(13,47,0.9486832980505138)
(13,48,0.6897007348075543)
(13,49,0.4547428587727046)
(13,50,0.0)
(13,51,-0.9284766908852592)
(13,52,0.6666666666666667)
(13,53,0.47708637394044645)
(13,54,0.0)
(13,55,0.41117114140372985)
(13,56,0.0)
(13,57,0.2886751345948129)
(13,58,-0.07382432279585699)
(13,59,0.23125506376115082)
(13,60,0.7832567422374065)
(13,61,0.9710607611177228)
(13,62,-0.10101525445522107)
(13,63,-0.48420012470625223)
(13,64,0.599011838521491)
(13,65,0.0)
(13,66,-0.17991006744379912)
(13,67,0.1633083141366877)
(13,68,0.4432375431786999)
(13,69,0.1711841970043652)
(13,70,0.4352552069126125)
(13,71,0.39223227027636803)
(13,72,-0.19611613513818418)
(13,73,0.25401711484901723)
(13,74,0.9434563530497265)
(13,75,0.20952908873087342)
(13,76,0.6903478304099002)
(13,77,0.0)
(13,78,0.35112344158839165)
(13,79,0.6378249619356448)
(13,80,0.041117114140373)
(13,81,0.0)
(13,82,0.0)
(13,83,0.884259517119845)
(13,84,0.4558423058385518)
(13,85,-0.10101525445522107)
(13,86,0.09805806756909206)
(13,87,0.8599633222897968)
(13,88,0.0)
(13,89,0.21571571868774794)
(13,90,0.14744195615489722)
(13,91,-0.7009873713675386)
(13,92,0.36255643802880433)
(13,93,0.757890657979734)
(13,94,0.22956556456066263)
(13,95,0.6201736729460423)
(13,96,0.0)
(13,97,-0.1083358607293571)
(13,98,0.04865042554105198)
(13,99,0.5245006430878395)
(13,100,-0.05184758473652123)
(13,101,0.0)
(13,102,0.0)
(13,103,0.0)
(13,104,0.230556167081694)
(13,105,0.1676946177263844)
(13,106,0.5326656181713262)
(13,107,-0.47140452079103173)
(13,108,0.0)
(13,109,0.4788611546444423)
(13,110,0.0)
(13,111,0.677365137434578)
(13,112,0.14248070704379331)
(13,113,0.9237604307034013)
(13,114,0.5673086289311754)
(13,115,0.8946260188763301)
(14,1,0.6580970607512581)
(14,2,0.17119910163875252)
(14,3,-0.8697311348907114)
(14,4,0.688570409924306)
(14,5,0.5591614245528839)
(14,6,-0.31622776601683794)
(14,7,0.7868995982344531)
(14,8,0.41153202256958854)
(14,9,0.7308313358203066)
(14,10,0.5413319619607667)
(14,11,-0.6575827845326953)
(14,12,-0.30304576336566325)
(14,13,0.8333333333333335)
(14,14,1.0000000000000002)
(14,15,0.2581988897471611)
(14,16,0.6416889479197478)
(14,17,-0.9999999999999998)
(14,18,0.3767052874784089)
(14,19,-0.38055438658322693)
(14,20,0.046281443694507485)
(14,21,0.612421591601278)
(14,22,0.23074136850160504)
(14,23,-0.575355961782461)
(14,24,0.25910011025251817)
(14,25,0.0)
(14,26,0.44042501794883315)
(14,27,-0.09756420007311559)
(14,28,0.43257234309288756)
(14,29,0.9128427971261114)
(14,30,0.03724840446384679)
(14,31,-0.5486377169695913)
(14,32,-0.3038218101251)
(14,33,-0.22360679774997896)
(14,34,-0.05383819020581655)
(14,35,0.5751797717724085)
(14,36,0.49787033702797506)
(14,37,0.07312724241271297)
(14,38,0.10616249194370476)
(14,39,0.5290894844896213)
(14,40,0.2696799449852968)
(14,41,0.6671812452051454)
(14,42,0.1860521018838127)
(14,43,-0.45137232357330326)
(14,44,0.7751332793988406)
(14,45,0.21386514828559902)
(14,46,-0.5680351338323539)
(14,47,0.9486832980505138)
(14,48,0.965581028730576)
(14,49,0.08119293127637094)
(14,50,-0.059791915483745434)
(14,51,-0.5102946367862587)
(14,52,0.16694514082354445)
(14,53,0.5313312762957475)
(14,54,-0.010141561301987059)
(14,55,-0.11768980071733683)
(14,56,-0.8765009801785555)
(14,57,0.0)
(14,58,0.0760384783649795)
(14,59,0.39485700167773613)
(14,60,0.5490648449056161)
(14,61,0.8821705645653046)
(14,62,-0.4029114820126901)
(14,63,0.16151457061744964)
(14,64,0.05511281146963577)
(14,65,0.42365927286816174)
(14,66,0.22935778492468123)
(14,67,0.3470288050349103)
